4.9800
5.9200
6.2400
5.2200
4.9800
5.2400
6.5800
6.1600
5.5000
5.0200
4.9400
5.6000
4.9400
5.5600
5.1800
6.2200
5.6800
5.2200
5.0800
6.3800
5.7200
4.2400
8.4200
3.4800
6.1000
7.2200
5.0600
5.7600
4.8000
4.9600
6.1400
5.7600
5.6200
5.9000
5.9200
5.6000
4.6600
4.6200
4.6000
3.6600
5.4000
6.0600
5.7400
5.6200
5.5400
4.8400
5.1600
3.3400
5.1800
6.0200
3.8600
5.8200
7.2800
5.8200
6.1800
5.7000
4.9000
5.2400
5.5400
5.4200
6.0000
5.1800
5.2200
5.9000
5.1800
5.8400
5.3800
4.6800
5.1000
7.3200
5.9000
5.4800
4.2200
4.8600
4.9800
6.5400
5.5000
5.9000
4.8400
5.4200
5.5200
6.2400
5.0400
5.0200
6.2400
7.2200
6.2200
6.4000
4.9800
5.1600
5.0000
6.2000
5.0200
5.6200
5.0600
5.3400
4.9800
5.2200
6.5400
6.5200
7.0000
4.9200
5.5600
4.6000
5.4200
6.0800
5.1400
4.8200
6.6800
5.2200
5.8600
5.3800
5.6200
7.2000
4.7400
5.2200
6.2400
4.6400
4.8200
5.3800
6.2600
4.9200
5.5400
4.7400
5.6400
6.0400
6.4800
5.3800
6.0000
4.8400
4.8600
5.4200
5.7600
4.0200
7.1400
5.3400
5.5400
5.0400
5.0200
3.9000
5.8400
3.4200
1.7400
5.7400
5.8400
5.7000
7.0000
6.0600
5.1000
4.7400
6.0200
5.1000
2.5000
3.3200
6.8400
6.7000
5.0400
5.9600
5.4000
6.1200
5.9600
4.5200
5.5800
5.5800
4.4800
3.9000
5.2000
6.8200
3.3200
5.0000
5.7400
5.5800
5.5600
4.8400
5.2000
5.9600
6.7800
5.4800
6.1600
6.1400
4.1000
5.1800
4.6400
6.4000
4.1400
6.2400
3.7400
3.9800
5.1600
5.5600
5.4200
5.2400
5.3600
6.2400
3.5400
4.3600
4.9600
6.2200
3.1400
4.0400
5.9000
7.0800
6.3600
7.2600
6.3000
5.4000
6.3800
5.7400
5.1200
7.2800
2.7600
6.0200
4.9000
7.8000
7.1000
6.6400
5.0200
6.3400
7.9600
4.8000
2.6400
6.1600
5.0400
5.5600
7.3000
1.8400
6.5400
6.3000
5.0200
4.8200
2.1000
6.1400
5.3000
4.3800
6.7400
5.0400
4.9400
4.9200
6.6400
5.7000
5.6000
5.6600
7.6400
4.8800
5.1200
6.4600
5.7600
7.5800
6.0600
5.4600
6.0400
6.4200
5.3000
5.1400
4.7000
6.8200
5.0000
7.4400
5.4200
5.5800
5.0800
7.3600
3.1400
6.8000
6.0000
5.8200
4.6400
3.7400
5.0800
7.1800
6.1000
6.5400
3.8000
7.7600
5.7000
4.5800
5.5800
4.2200
5.8400
6.1400
5.7200
3.6800
4.9400
5.8400
5.3800
5.5200
2.9600
4.4200
5.9400
4.7800
7.3800
6.9200
6.9200
5.9400
4.9400
4.6000
7.4400
2.0000
6.3600
5.6600
4.2000
5.4000
6.2000
6.4000
6.0800
4.8000
4.8800
7.6600
3.6800
6.3200
3.8600
4.6400
4.6800
7.6400
5.0200
5.2600
5.5600
5.2200
4.9400
6.1000
7.9200
6.3200
5.9600
5.0800
5.7400
5.2200
6.5600
4.4200
5.2800
5.3600
4.6000
2.9800
4.7600
5.4800
5.8800
6.6800
6.2400
2.8600
6.5800
2.2200
5.8800
4.9800
5.2400
6.3400
4.7800
2.3400
5.0200
5.4000
8.1000
6.8200
5.6600
2.4600
5.7800
7.1600
6.2200
2.6000
3.2200
2.7600
6.8400
3.6400
5.9400
6.0800
2.7000
5.2800
4.3000
4.7600
5.3400
3.8200
5.4000
5.6200
5.8600
5.2000
7.2400
8.0200
8.3000
6.5600
4.2000
3.8200
6.1200
5.6800
5.4400
6.4400
5.2200
4.7200
5.6400
5.4000
6.3400
4.8800
6.9400
6.4400
2.6200
7.8600
7.4200
5.5800
6.7600
4.6000
5.3000
3.6400
3.7000
5.4400
7.0600
5.3800
5.5400
4.8400
5.3600
6.7400
5.8600
3.4600
7.0800
4.3600
6.2800
4.8400
5.4800
3.3000
5.0800
5.5600
5.8000
2.3200
2.1800
5.2400
5.5200
5.2600
5.2200
5.4800
4.9600
3.7000
6.2600
4.5200
3.2800
1.5600
5.5600
6.3400
1.5400
6.0000
5.5400
3.0200
5.1400
5.5800
5.7000
6.2200
5.7800
5.7600
5.5800
4.9800
7.1800
7.5800
6.1200
7.3200
5.3200
7.1200
6.2800
4.8800
5.1600
7.2800
7.1000
7.1400
2.9800
6.8000
7.1800
6.5400
5.8400
1.8000
7.9600
6.1800
4.6200
5.5000
7.9200
5.1600
2.9200
5.3800
6.1600
7.2000
4.7600
6.8200
6.7600
5.8200
6.0600
3.7000
5.2400
3.7800
6.7200
5.3400
6.4400
6.3800
4.7800
4.7200
6.7000
5.7200
5.8400
7.1800
7.2400
5.5000
5.9600
6.1400
4.4800
7.4400
7.2200
5.1000
5.3000
4.8600
5.2800
6.9400
3.6600
5.0000
5.3600
2.6400
5.0400
6.1800
6.1000
4.3000
4.6000
5.6400
3.4200
5.7400
6.2400
6.1200
7.9600
5.4800
5.6400
3.5200
5.9400
3.3400
6.3200
5.3800
2.6600
2.3800
7.9600
6.0400
6.4400
3.5400
4.5600
2.8200
4.0200
6.4600
7.2400
5.3600
6.6000
6.3200
4.8400
4.8800
5.7600
6.1800
4.7600
5.5000
5.6600
6.1800
3.6600
5.2400
7.6800
5.9000
6.7000
2.5800
4.7400
5.6800
4.7000
6.2200
5.9000
4.5400
7.8600
4.0408
6.8200
4.8200
7.2200
2.8800
2.6000
4.5600
4.9800
6.3600
6.6800
4.9400
6.3800
6.0000
7.0200
4.9000
6.0800
6.6200
4.9400
7.6800
7.8800
5.7400
5.5000
6.2200
2.0200
5.7400
3.1600
5.5800
7.3800
5.6000
6.3000
6.4000
5.8000
5.2800
4.6000
4.9200
4.9400
6.7000
7.2600
4.9400
7.9600
6.4800
4.7000
5.8800
2.5000
5.9000
4.7200
4.5800
7.5600
5.3800
5.8000
6.2800
4.8800
7.3800
2.7600
7.1200
5.3200
6.6800
5.6400
5.2200
5.7200
4.6400
6.6800
6.4400
5.2200
6.5200
7.4200
4.9400
3.5600
5.8000
2.5400
7.3000
6.2800
4.9800
6.0800
6.1800
5.9800
5.3000
3.3200
5.4400
7.0400
7.2200
5.3800
7.1800
5.5600
3.2200
6.2400
6.3600
8.2200
6.5200
7.6200
5.9800
6.9400
6.2800
7.9600
7.0800
5.6000
6.7800
5.2600
5.4400
5.1800
2.0400
4.7600
4.2600
3.8200
5.0800
5.0400
5.9200
6.8800
2.8200
5.8400
6.7800
6.0000
3.4000
5.2000
3.5800
5.1600
3.4800
5.7400
3.8600
6.7600
6.3200
5.3800
6.5200
3.2000
5.2000
6.2600
6.1000
5.5800
3.8600
5.3000
4.9800
3.1000
5.8000
6.8400
8.1200
5.2000
6.5200
3.7200
4.9800
2.5800
6.2200
5.5800
6.7200
4.3400
5.6000
6.5200
3.1600
4.0200
4.3600
5.3800
5.3400
7.3800
5.9800
4.6200
5.4800
5.0000
6.0000
5.0600
6.6400
6.7600
2.7800
5.8600
5.2800
5.1000
6.7800
5.2800
4.1600
4.1600
2.8200
3.1400
7.1400
6.9600
5.2400
4.4400
5.7600
5.5000
7.4000
6.1800
7.7200
5.9000
5.9600
5.0600
7.2200
5.3800
7.0800
3.5600
5.6600
7.0600
4.6800
4.9600
5.9400
2.1000
5.0200
6.0600
5.2600
7.9200
6.2400
5.3600
5.1000
5.8600
4.2800
6.9800
7.0800
5.7000
2.7000
2.6800
6.5200
4.9800
4.5600
5.3000
6.5400
4.7800
5.4200
5.9400
5.3200
6.5800
5.6400
6.8000
4.5400
5.8000
4.4200
1.9000
4.4000
5.1200
5.4400
4.5200
5.4600
7.4400
5.3600
4.3400
5.0400
5.8200
5.1200
3.9600
6.4600
5.8000
5.3000
6.4600
7.0000
5.3400
5.0800
4.7000
5.7000
5.2400
4.5000
7.2600
4.5600
4.7400
5.1800
8.1600
4.7000
5.1400
6.4600
4.2400
7.2000
7.6600
4.9000
5.0000
4.5600
5.0600
2.6200
5.8400
3.6600
5.3400
7.1200
6.4200
1.5600
6.3000
3.2400
5.2800
5.5800
2.2400
5.2600
7.4800
5.0200
4.7400
4.8200
7.0400
4.5800
6.3200
3.4600
6.7400
5.1400
4.9400
2.8400
6.9000
2.5800
4.8800
5.8400
5.2800
4.9800
3.9800
2.3200
6.1400
6.0800
4.8400
6.7000
6.0200
6.7551
6.3800
6.0200
6.5400
5.5000
6.9600
4.1400
3.7200
7.2000
5.1400
5.9400
4.9000
6.2800
4.7200
5.4400
7.0400
6.2800
5.7400
4.7600
5.2000
6.6200
7.9000
6.5600
7.1200
6.2400
5.3200
4.6600
3.9600
6.0800
5.3200
5.6800
6.2600
7.9800
5.1200
4.1000
3.9400
6.3200
5.5000
4.3200
6.9200
5.1200
4.8600
5.4800
6.7600
5.3200
5.9000
3.5600
6.9600
5.9400
5.3400
4.6400
7.4200
5.0000
5.2400
3.8800
6.6000
5.2800
6.3400
4.2600
5.6000
4.9200
5.8200
4.2800
6.6800
5.9600
4.9000
6.6400
4.5600
5.7600
6.1600
5.5600
4.6000
3.9600
6.4200
5.8000
4.9375
5.9400
5.6800
4.6400
6.9800
5.0400
5.9000
5.6200
2.9800
5.0600
5.6000
4.6400
5.0000
2.4200
6.4000
3.6000
4.8000
7.9400
5.2600
5.3600
7.1600
3.4400
5.7800
5.4600
2.2000
4.9400
5.9600
5.1200
7.1600
5.3600
3.8400
4.7800
2.1400
5.2600
7.4000
5.0200
7.5000
2.9000
5.2000
5.5800
5.5000
4.9600
7.6800
5.6600
6.0000
4.9600
5.5200
3.1400
5.4800
6.2000
4.8200
2.6800
6.7200
5.8200
5.1800
6.2600
5.8600
5.8200
7.1400
3.7800
2.9400
5.4200
4.8600
7.2600
5.4400
1.7000
3.0400
5.1400
7.3400
5.6200
6.7600
5.7400
5.9800
2.9800
5.5600
4.0800
5.4600
5.0000
4.9600
2.6875
7.7600
5.1000
5.4894
5.0200
4.5000
5.0000
4.2800
5.8600
5.4400
4.6800
7.0200
5.2200
7.3000
4.8800
5.5800
4.9800
5.0400
4.8600
3.8200
4.6800
2.4600
7.3200
5.6000
5.0400
3.8200
4.1000
3.5000
4.4400
6.1800
4.8200
7.0000
6.6000
4.6735
5.3800
2.1200
6.7400
4.7800
5.0200
6.4400
4.4600
4.8400
5.3200
6.7400
5.5600
7.3200
6.1400
1.4800
6.6400
4.6000
5.9000
7.2400
5.0800
7.5400
5.0400
5.5800
4.7600
2.2000
5.3000
7.2200
5.9400
4.0000
6.8600
4.9200
6.6531
4.4400
3.7000
3.6000
5.7000
5.2800
5.7600
6.3800
6.2400
4.9800
5.3000
5.0000
6.2600
5.5800
4.6800
5.8000
4.7600
4.5600
5.7400
6.4800
6.4200
6.3000
5.6400
4.5400
5.3400
4.9200
6.2400
5.1400
5.2200
6.2200
4.1600
6.3000
5.1600
4.9000
4.3958
7.4000
5.8000
5.4600
5.9800
6.9800
2.0200
5.8800
7.2600
3.2800
6.1800
4.7800
8.2000
5.8200
5.6600
6.6000
4.5200
5.0200
2.9600
2.7600
3.4200
5.7400
5.6400
6.2200
5.9400
5.7000
7.3200
4.9200
5.1200
6.2200
3.8800
5.6400
5.2000
4.4400
5.9787
7.3200
7.9200
4.7600
4.8800
4.5600
2.9800
6.6400
5.0800
5.0200
7.5600
5.3400
5.5000
4.8776
4.9400
4.4000
5.0600
4.9800
6.6800
5.6200
6.5102
6.9600
5.1800
5.5400
5.6875
5.0800
5.4400
7.1200
5.2400
3.4400
4.7200
4.1600
3.9600
3.9000
5.8400
2.5600
4.5800
6.1600
6.2400
7.2800
5.0600
5.7000
5.5000
5.7400
7.7600
6.2000
4.5510
3.5200
3.1400
5.6800
5.9400
5.3800
4.4200
6.7200
4.6600
5.6400
5.1200
5.5000
5.2200
7.0400
4.0600
6.0800
4.8600
5.3600
5.7200
4.7143
4.6600
5.8800
5.6600
5.7600
5.5600
2.9200
7.3000
4.9000
6.0400
3.6400
4.8600
2.6800
5.8200
2.9800
5.7800
5.7200
6.3400
1.9600
5.4800
7.0200
8.4400
5.2000
5.0000
6.1224
5.0000
5.4600
6.0200
6.5000
2.7800
6.0000
6.0800
5.5400
5.3800
5.6400
5.0200
7.3600
5.5400
4.8800
5.4800
6.6200
4.4400
6.5000
6.5600
5.0600
2.7800
3.7000
6.5200
6.4200
5.3600
5.9600
5.7800
4.7000
5.3800
5.2600
7.0800
5.6800
5.8571
5.4200
6.9600
7.6400
5.8200
5.5400
4.7800
1.5600
5.0800
6.3800
4.8980
4.9400
5.7800
6.8800
5.6400
5.9600
7.1800
5.4600
6.4800
4.6600
4.8600
2.7000
4.0000
4.9800
6.0400
6.6800
4.8800
5.1400
5.2800
6.1800
4.5200
3.0600
5.5208
5.2600
4.3400
5.4400
4.0000
6.4792
6.2000
3.3800
5.3061
5.6200
4.8200
7.3000
4.1200
6.2041
5.9600
5.0600
7.4200
5.7200
5.5600
3.5400
3.9800
6.2400
7.4400
4.7600
7.8367
4.5000
5.3200
4.5306
7.5000
3.3800
5.1400
7.3400
5.8600
4.7600
6.5200
5.3200
5.1200
7.4400
4.4200
7.5200
6.0400
2.6800
7.7400
5.8400
5.6400
5.9000
4.0800
4.7000
3.6400
7.0000
4.6600
6.1400
5.9800
5.1875
4.9800
4.7800
4.5800
5.4400
7.1600
3.1200
5.2200
5.7000
6.8800
5.7000
5.5000
6.7800
5.1000
5.8000
2.9200
5.8800
6.8367
4.6600
3.6800
5.6400
7.5200
5.7600
5.2600
5.4600
4.7400
5.6000
6.5000
6.3000
6.1800
5.8400
6.1000
5.8000
4.7200
4.5600
6.5400
2.9000
5.2000
4.2200
6.3600
6.2400
5.0600
6.0600
5.6000
4.5833
7.5000
5.5200
8.0800
5.4000
5.4694
6.3800
5.3400
2.7800
5.0800
6.4400
4.9400
3.3673
5.0200
5.4400
5.0600
4.8200
4.8600
5.9200
3.1800
3.8600
3.6600
5.0400
6.8800
6.0200
5.8600
6.0800
2.8980
4.8400
6.4490
6.1458
5.4800
3.7400
5.2200
7.0200
6.4000
5.2083
5.7200
6.1800
5.6600
7.6042
6.2200
3.7347
5.4800
5.0000
7.2800
6.5400
6.3800
5.8400
5.9400
4.6800
4.7800
1.8400
4.9600
6.4800
6.4800
3.0816
6.8400
5.1400
6.8000
2.8200
6.2600
7.6800
4.6000
3.4400
6.2800
6.2600
6.0000
2.1000
6.6800
7.5200
2.5102
2.4200
5.3600
5.4200
5.8400
4.7600
5.0400
4.9600
4.9600
7.9400
5.6200
5.6200
5.2800
5.5000
6.8200
2.6400
5.7000
4.2600
4.1400
4.9400
5.9200
4.4200
5.3200
5.9600
5.7400
3.0000
4.6000
8.1000
5.5800
7.0400
4.7400
6.7400
2.9200
4.7600
5.0204
5.3200
5.2800
6.4600
4.5800
5.5200
5.8000
4.8600
5.0000
4.3200
6.3800
4.4800
4.3400
5.9400
2.6600
7.1000
4.6800
5.3800
7.5800
6.4000
7.2800
5.2200
2.7600
4.4000
2.5600
6.2800
6.1600
4.9184
2.7400
5.7000
7.0800
5.9800
7.5000
6.3600
3.3200
5.4800
2.8200
5.3400
5.5400
6.2600
7.0600
6.4000
4.9400
4.6735
6.3600
7.0800
4.0800
4.0612
7.4200
5.1200
4.4000
5.7600
5.1000
4.7800
4.8800
6.1000
6.0600
7.2200
4.4400
5.5200
5.7200
4.9000
2.5800
6.9600
5.1800
5.3673
5.9800
4.9800
4.8000
3.6531
4.6000
6.7600
5.5600
2.0800
5.4400
7.0600
6.8000
5.9800
5.7000
5.9000
5.9800
5.1200
4.1800
5.3200
5.7800
4.7600
4.0200
4.7800
2.6000
2.5600
5.4800
6.4200
4.7800
5.3000
4.1200
2.6200
4.6400
6.4898
4.9800
3.8163
5.0600
5.7200
2.9400
4.8600
5.6800
3.6600
3.7400
6.7400
4.8400
4.6600
5.4400
6.0000
5.3000
5.0800
2.9800
4.8800
5.0000
6.1600
7.7800
1.7600
6.8696
4.7000
2.6122
3.2000
4.8000
5.2800
6.0800
5.1800
4.5800
3.1200
5.7400
6.2600
6.0000
2.7800
5.3800
5.0200
5.5800
5.4000
4.2400
5.4000
4.2200
4.4400
5.3000
7.5200
4.9800
6.2600
4.5800
5.6200
7.8000
6.8600
5.9200
5.4400
4.1800
3.4400
6.6200
5.2400
5.5000
6.7400
4.9800
2.3000
6.5000
7.2400
4.9200
6.0800
5.8800
6.1400
3.2200
5.4000
4.9800
5.4000
5.2200
4.9400
5.3200
6.2800
2.0600
5.8000
5.9000
5.2200
5.0638
5.7800
5.5800
6.1000
4.7800
6.5200
4.2400
7.6200
3.3600
5.8600
5.1800
5.6458
4.7600
5.9000
5.6800
6.0800
5.0800
7.0400
7.2800
5.7600
7.0400
7.2041
6.5600
5.0800
5.6200
6.5800
5.4400
5.6800
4.8000
6.6200
6.3600
5.5306
7.7200
6.2245
5.4600
6.0600
5.8400
5.2800
4.7400
5.4200
5.9800
6.8800
3.8200
7.2600
4.2600
8.1000
2.5200
5.7800
7.6800
5.5400
8.5000
4.1000
3.6400
6.8000
5.5000
3.0800
3.0800
6.8000
2.6000
6.0400
5.1800
5.3400
1.9400
7.0200
4.6122
5.0400
7.0000
3.3000
6.2600
4.9000
4.7200
5.2800
5.3400
5.2200
7.7000
7.5600
5.2800
6.8958
5.3600
5.9200
1.9600
4.8980
6.6000
5.1800
4.4600
5.0000
5.1600
6.3200
4.5918
5.4694
5.4800
5.6200
6.3400
2.4200
5.7200
7.4000
6.6200
5.2000
6.4000
6.2800
4.7400
5.2800
2.0000
5.5000
7.7600
5.4400
5.2600
6.0400
2.4400
5.9400
6.5200
4.7800
4.6042
6.8400
5.1800
5.9400
4.5200
4.1200
6.7200
2.2800
4.4200
7.1800
5.5400
6.2600
4.4694
2.6600
6.4400
5.6000
5.2200
4.9149
6.7800
5.8600
5.1600
5.1200
3.6000
5.2600
7.4600
5.5400
6.0200
6.5600
5.9200
4.8800
5.9400
7.3469
4.2200
5.0400
5.2400
4.1000
6.1600
6.0600
3.3600
5.1200
5.1800
6.4800
4.9600
2.3800
6.3000
5.3200
6.9800
5.2245
5.0600
6.5800
6.4200
2.6400
6.7400
5.4400
2.0800
5.9200
6.9592
5.0400
6.1000
4.8800
4.9200
6.9600
5.4200
4.9200
4.9200
7.2600
4.9400
6.4000
4.8200
5.6200
4.0800
5.3000
6.1800
3.6000
5.2800
3.9800
4.7400
2.8400
5.5800
3.4200
6.3400
6.3400
6.0600
3.2200
2.6400
5.5800
5.1800
5.8000
7.6600
2.3200
5.1400
5.9800
5.4600
5.0200
7.0000
6.7800
4.0400
5.3000
3.3200
5.3800
4.0400
4.8000
4.5800
4.9800
4.8000
5.2800
5.3000
6.0400
4.8600
4.0204
4.6939
5.0200
6.5600
4.4200
4.6200
4.6400
4.7600
4.5400
5.0800
7.0000
7.1800
5.7755
3.9600
5.8000
3.4000
7.3000
4.7000
3.8085
5.9800
4.9000
4.7551
5.3400
5.2200
3.8200
7.6400
2.4400
5.9200
3.7872
3.8800
7.8800
1.8800
6.4000
4.2400
2.9348
4.4800
4.3800
4.9600
5.8600
5.0400
5.0400
6.0200
5.0400
5.1400
6.7800
6.2800
6.7600
7.1400
6.2400
5.4800
5.0600
4.6000
2.0600
7.4800
4.9400
5.4200
2.6800
4.9184
7.1400
4.6400
6.0400
5.8800
5.8000
4.3125
5.1200
3.8000
6.7600
4.9400
5.4600
5.1600
4.6875
5.2200
5.6600
6.3878
5.5400
3.3400
5.9600
5.2800
5.0400
2.4800
5.7200
6.8000
5.7800
3.1000
6.4000
5.7800
6.1800
3.5400
5.6800
6.3200
6.6875
5.8000
3.4792
5.8800
4.7347
2.8600
3.0600
6.1429
6.0200
5.1000
5.8000
5.7600
5.8400
4.8200
2.0600
5.6600
5.2000
6.0800
4.8980
5.6531
4.8000
4.6735
2.8776
4.1600
7.3000
5.5306
2.4400
1.8600
4.9200
5.3200
5.7400
4.8600
4.3400
6.2600
6.9600
5.0600
3.3200
6.2600
3.6400
4.9600
5.1800
5.6400
5.0000
5.0400
6.7083
4.8400
4.5800
6.2400
5.1200
6.5000
7.1200
5.4000
5.9400
3.2800
6.1429
5.8000
6.0800
6.2000
4.1400
5.9000
4.8000
7.0200
4.9184
7.9400
3.7021
4.7000
5.8000
3.4600
6.0800
6.1000
6.1000
4.3000
6.0800
4.8571
5.8000
6.6000
2.6400
5.9600
6.3800
5.0200
5.9600
4.4200
5.3000
5.7200
4.8400
5.7200
3.1837
5.0600
7.4600
4.4600
6.8000
6.8400
6.8600
3.4792
5.4200
4.8200
6.4000
3.1200
4.8298
5.1000
5.8400
5.2200
5.4200
6.1800
4.9000
5.2600
5.3878
2.5400
5.0400
5.9400
5.3800
6.4000
3.8776
5.4600
4.8600
5.0000
5.0400
4.6200
1.3000
7.9800
5.4800
5.2400
6.2400
4.7347
5.8600
4.7800
7.2200
5.0612
4.7600
5.4400
6.8800
5.4400
5.7200
5.1000
5.3600
4.6800
5.7400
4.8333
6.7600
5.6939
5.0000
3.9592
6.3000
5.8600
6.8000
5.6400
2.8200
5.9000
4.9600
5.9800
6.6200
4.8163
3.1000
6.2400
4.9388
7.0600
4.7000
5.2000
5.5600
5.5600
6.0600
4.2400
5.0833
7.5600
3.4583
3.2600
7.0200
7.2400
6.2400
5.7400
4.8000
5.5600
4.0800
6.2400
3.5400
5.0200
4.7500
7.2800
4.4600
7.2400
4.9800
5.5800
5.6200
3.6400
4.9600
2.4200
5.6600
2.6800
4.4286
5.8400
5.6200
5.1800
5.6000
5.8600
5.1000
5.2000
6.9200
2.8000
5.5400
3.8000
2.4800
5.4400
5.1000
5.3061
2.5918
2.3600
3.3673
5.1800
4.8600
6.5400
7.1400
7.5800
5.5000
4.1600
5.9600
6.0800
3.4375
4.1000
5.3061
5.7200
6.1800
5.0200
3.1800
3.6200
4.0816
4.4000
5.2400
4.5400
5.8200
6.8571
4.9000
5.0800
6.2200
2.5600
5.0204
6.7755
6.0400
6.5200
5.4000
5.6200
6.8298
5.0400
6.8000
7.9200
3.3061
4.9400
5.2800
5.3800
4.7800
4.7600
5.7800
6.4400
7.6800
3.0600
4.3400
6.7800
5.6600
3.1600
5.4200
8.0800
5.9000
5.1200
6.3200
6.8800
4.6000
4.2200
6.8400
8.0000
2.9400
6.0200
5.3600
3.1400
6.7400
5.4600
5.8800
4.7347
4.4400
4.9200
4.9400
4.4200
5.5600
5.5000
6.6600
5.3600
4.4400
5.6200
2.3200
7.0408
5.3400
5.1000
5.9200
4.5918
4.1000
6.2000
5.5800
4.8200
5.5800
5.8800
2.9000
5.4694
4.5306
5.0800
5.1200
3.9600
4.3600
5.6800
6.8000
4.4800
7.6600
5.9800
3.5859
5.3000
5.6400
4.7800
5.5800
3.1800
5.8400
4.7200
6.0851
5.1400
6.6200
3.1000
3.9000
4.9600
4.1000
6.3400
5.5625
7.8800
4.9800
5.8600
5.6600
7.4400
7.5102
4.4600
3.7347
6.7200
4.8600
4.8800
6.4200
5.1000
6.2083
7.1600
5.9200
8.2600
5.9200
5.3400
5.7755
5.9000
4.1000
4.6735
5.0600
5.4000
4.8000
2.2200
6.5800
7.4000
5.1400
4.3800
6.7143
5.0200
6.9600
4.3400
6.6200
2.5200
4.9375
7.5200
5.1800
5.5625
5.7200
4.9184
5.6000
6.0000
5.0600
6.3800
4.7551
4.8600
5.2000
5.9400
5.2600
5.2000
5.5000
1.7600
5.2800
5.3600
4.8980
5.9400
7.4600
7.3000
5.8980
5.5800
3.4600
4.6531
5.1000
6.6800
5.0400
6.7000
6.3800
4.9375
5.8200
6.9600
3.6000
4.2200
6.2449
5.0000
5.1224
5.9000
4.8400
6.7800
6.1020
4.9200
5.4694
5.9800
6.0816
4.2800
4.8200
5.7292
5.4800
4.8800
5.2600
4.9200
6.3061
7.1600
6.6122
4.9000
3.3542
4.8000
4.7400
4.8800
6.2000
5.8400
4.3125
5.4800
6.0600
5.0800
5.3200
3.0400
3.7800
2.8200
4.6000
7.1400
7.1200
4.6400
4.9167
5.2653
5.7000
5.1837
5.7000
5.4000
4.8800
5.5600
5.5600
5.5106
5.7800
4.6735
6.5400
5.1000
5.1600
6.2600
6.7600
5.7000
6.5800
6.3000
3.8400
5.2600
5.7200
7.3400
6.0600
6.3000
6.0204
5.4800
5.1600
4.9000
4.7800
5.4400
5.9592
3.5000
6.9200
4.2200
5.3400
5.5000
7.3800
5.8200
5.6200
5.6400
6.8600
5.2400
5.0204
5.2000
5.6400
6.1400
5.5000
6.0000
5.1900
5.7400
6.8400
5.2000
4.6600
7.1600
5.3673
4.7600
4.7600
5.7600
6.1000
5.3800
5.2708
6.3600
5.7800
4.2400
7.5800
4.1600
4.6000
4.7800
6.6000
2.2245
6.6600
5.2041
6.3400
5.0800
7.3400
6.7400
3.6800
4.7600
6.1000
5.1200
5.9000
6.3000
5.2653
5.1600
6.4600
7.3600
5.0400
5.7800
5.5600
5.0200
7.2245
4.8283
5.1800
5.2000
6.9800
6.4600
7.7800
5.6200
2.2245
4.9600
6.0000
3.8200
4.9200
5.8367
6.8367
4.9600
5.0400
2.8980
4.5400
5.0000
6.1600
4.9000
4.7959
6.6800
5.7400
4.8163
6.3800
2.9600
2.5600
6.8400
2.5800
6.2449
5.8000
4.9200
4.9200
5.0600
4.9800
5.1400
4.2083
4.7600
5.2000
4.8163
5.9400
5.3800
5.0200
4.8200
2.9167
5.5600
5.5800
4.7200
4.4600
5.2200
3.3673
6.0400
4.8400
6.0600
4.8367
5.7400
3.0800
6.8600
7.1000
7.4200
5.1400
5.1800
7.0400
6.5800
4.5625
6.0000
6.2200
5.4200
5.8200
2.2600
7.4000
5.1800
5.7143
4.1000
6.7400
6.7800
5.5306
6.7000
5.3878
6.1400
7.0400
5.2400
4.0000
6.4200
4.9600
5.5200
6.1400
5.4200
4.7800
4.9800
3.5600
3.0400
6.6400
4.1800
6.9600
3.1600
5.5200
5.6000
6.4400
5.9600
5.3673
5.2000
6.0200
4.9400
4.9800
4.6800
6.4800
5.4200
4.3061
5.2000
6.3600
4.7347
7.5102
5.7600
5.2400
5.9200
5.0800
6.0200
6.7400
6.8200
6.1400
5.2800
2.2000
4.3600
3.1200
7.1400
6.3878
5.1633
4.8400
6.1000
4.0200
4.9800
4.9600
6.8400
5.9200
4.2245
5.4600
5.7600
6.0100
3.4375
5.2400
5.1000
6.3600
4.7800
3.2857
3.4600
3.4400
3.8571
6.2708
4.8600
5.4800
4.9600
6.7200
3.0918
6.8400
5.4600
5.9200
4.9600
4.8878
7.2400
7.0000
4.9388
5.1000
3.8400
4.7800
7.2857
4.9600
5.1200
5.0600
5.4200
7.8600
5.1000
4.6735
5.1200
6.0600
6.9600
7.3400
4.6600
6.2449
5.6200
5.2800
5.6600
5.8800
4.6400
6.5000
6.2400
2.5400
6.1200
5.6600
4.7600
3.2800
3.9787
4.5400
5.6600
6.1429
5.1400
6.2200
3.9400
4.5600
6.8200
5.1633
5.1042
4.3000
4.2292
5.8600
5.6600
6.3600
6.1800
5.0400
5.8000
5.6327
5.4400
4.9000
5.8400
6.9200
6.7200
3.5200
5.6800
4.9000
6.3878
4.9000
4.8750
5.0816
5.0606
5.4800
5.5600
5.1224
5.3600
4.3000
5.6735
6.2200
4.9600
5.7600
4.3600
4.8980
5.0800
4.8600
5.4400
5.0400
5.2200
7.0600
3.7143
4.3200
5.2000
5.7800
4.6600
4.8163
6.2400
7.2000
5.8800
5.2653
5.9400
6.4400
5.4600
5.7400
5.6800
6.3200
3.8000
5.5800
5.4800
4.5600
6.7800
2.0600
6.6400
7.4600
5.0408
5.1600
5.7600
5.1800
6.0204
4.9800
7.5306
2.5000
6.7000
6.2400
5.5800
2.9388
4.9200
5.3000
6.1837
7.2041
4.5800
4.5400
2.9400
5.4000
3.3400
5.6600
3.8400
3.5800
4.4400
4.7400
5.7200
5.2600
5.3673
6.4800
5.0800
5.5000
4.2200
3.3333
5.9600
4.9200
3.4200
5.2400
4.8333
5.8000
5.0800
5.8200
5.0200
4.9899
3.7400
5.1800
7.7600
5.3000
5.4200
4.3265
5.0000
5.3400
6.2857
6.3800
3.6200
7.9800
5.8600
5.3061
6.8400
4.8163
6.9400
5.4400
5.2800
4.8600
7.4565
5.5400
8.1800
1.7800
7.2200
5.7917
5.3400
5.1400
4.6458
7.2600
5.3265
4.6800
5.8163
2.8600
6.6600
5.0208
2.9200
2.5400
5.6400
5.4400
7.6200
5.6800
5.9000
4.7600
7.3400
2.4400
4.7800
5.3000
3.2449
5.0200
6.1600
5.4200
4.1000
5.4800
1.9000
5.0204
6.1875
2.5800
2.6000
6.0600
5.4400
6.8600
6.0000
5.3200
4.0000
5.5200
6.7600
5.8400
6.5200
5.6800
4.2800
5.2800
7.0200
5.1000
5.6800
2.6200
2.6400
4.8800
6.1800
4.9200
5.8200
5.4200
5.0000
3.3000
5.5600
7.8800
1.8400
5.0800
4.8125
5.4000
7.0612
5.8000
5.1000
3.3600
3.6327
5.6600
4.2200
5.0000
5.8600
4.7600
5.2000
5.5800
4.7600
5.8000
6.6939
5.6327
6.7800
5.0600
3.3600
5.3333
6.0800
5.6600
2.7800
6.0600
5.8400
5.1600
3.6200
5.6600
3.7000
5.9000
5.0600
4.2600
4.8776
6.5800
5.9400
4.1313
4.5600
3.2000
4.0400
6.4000
5.6600
6.3200
5.4600
4.7800
4.9400
6.5800
6.7400
6.4694
5.0816
7.0612
7.0200
2.5200
5.3800
1.4400
5.3200
5.6800
4.4200
5.3200
5.5800
4.7400
5.3061
5.7400
6.3200
7.7755
4.9600
5.4400
5.9000
4.9400
3.0213
6.0000
2.6000
4.8400
5.5000
5.0600
6.3400
6.5800
2.5200
4.6400
5.0200
7.2200
6.8600
6.7400
5.3000
5.3600
3.8367
5.7800
6.1800
6.1400
5.4600
5.1633
2.5600
5.9600
6.0000
6.2041
6.3600
3.6800
4.8400
7.3200
4.9400
3.1600
4.7200
6.5000
2.3265
4.9600
5.1400
2.1400
6.0408
5.6600
4.6000
6.8000
3.5600
3.1224
4.3000
6.0600
4.6875
4.9800
4.9000
6.8400
7.6600
5.5000
2.4200
5.2400
6.6200
5.9800
3.5800
7.0000
5.5400
5.6000
3.9000
6.4800
5.4200
6.5918
6.4800
5.4600
3.6200
4.9400
5.0000
5.2857
5.9800
4.8800
5.4400
7.2400
5.9000
5.6000
6.5000
1.8800
5.1800
4.9600
5.5600
6.0800
4.4600
4.3400
5.8400
7.6200
4.7400
5.9200
4.9600
6.5102
4.6000
5.9388
4.0000
5.5400
5.5000
7.1200
5.3200
6.1800
7.3878
7.0600
2.6800
5.4000
4.4694
4.6600
5.5306
3.1800
3.3400
5.9600
5.0816
2.5400
4.5102
6.2000
4.2857
2.8400
6.0000
6.6809
6.0200
5.1000
4.9362
6.8800
4.5600
6.4000
5.3400
6.3800
6.2200
5.7083
7.3600
5.4000
5.1400
3.5000
7.0200
4.4800
4.8542
5.9800
1.5800
7.2400
2.8400
5.3000
4.0800
5.7400
6.2200
5.4200
5.0800
6.0000
5.1600
4.4400
5.1600
5.8000
5.1000
6.9400
6.8600
5.4400
7.2200
6.0000
5.2800
6.3800
5.5918
5.4200
3.7400
7.0600
4.0400
6.3800
3.0400
5.9200
5.3600
4.8400
6.8000
5.3469
5.6800
4.7000
3.5306
4.1200
6.3600
5.2600
5.3400
2.5800
4.2200
6.6200
5.8600
4.7600
6.8200
6.4800
4.8125
4.6000
4.9800
6.3400
7.3800
4.5102
6.5600
5.9796
6.1000
4.8600
5.2553
3.8600
4.1250
4.9000
6.0400
4.5464
5.1875
6.2600
4.6531
2.4600
5.9200
5.4583
5.3400
4.7400
7.4600
7.7800
4.0200
5.0200
4.6000
6.8800
5.9600
7.0200
3.4490
6.2200
5.4800
5.6800
3.7600
7.6400
6.3200
3.8776
6.8571
6.9796
5.2400
5.8200
4.9200
6.5400
5.0600
5.8800
5.1800
4.6600
4.2000
7.6596
4.1600
5.5800
4.7600
2.5000
3.7143
5.0400
5.3200
4.0800
5.3061
5.0200
5.5600
5.1600
4.2245
2.9400
5.8687
6.5600
5.0417
6.7347
5.9388
6.7400
5.2800
4.8980
4.8200
5.6000
6.0000
7.5000
2.4600
5.2200
7.2200
4.6200
3.1400
4.7800
5.0800
2.5800
5.5600
1.9800
3.0000
5.7800
2.9800
3.2000
6.8800
4.9000
6.2000
5.5800
3.7551
5.5200
4.9400
4.9400
4.0816
5.5102
6.0400
7.1800
4.9000
3.3061
5.7000
5.5200
7.0800
4.5400
2.5800
2.9200
7.4200
5.6800
4.7143
4.9697
5.3200
6.8400
4.6000
5.1600
5.6200
6.7400
5.4600
5.2400
5.7000
6.6000
5.3200
6.1000
2.5400
2.0000
3.4200
5.9600
4.9184
5.9800
4.8542
5.1200
5.8400
5.6600
6.3800
4.2800
4.9400
7.2800
7.8600
3.8333
5.4200
6.8000
4.9200
4.0600
4.9792
5.2400
6.3400
6.5400
4.8586
6.6667
5.3000
6.7347
4.8750
4.7000
4.9200
5.4490
5.0208
5.3400
4.5200
7.0204
5.0600
5.2600
3.6400
3.5417
3.4000
5.0000
5.4800
3.3600
3.9388
3.5600
5.3600
4.2400
5.0600
3.1224
5.5600
5.8200
3.4600
1.9600
5.7800
6.6600
3.2000
6.2400
4.5714
6.0816
6.0400
4.9184
5.9800
4.0000
6.8571
4.6800
6.4200
2.9375
5.6400
6.7000
5.2600
5.2600
5.7000
2.1000
5.4800
5.3800
4.8000
5.0000
5.1020
4.8600
4.9388
5.2041
5.0000
5.5510
5.5400
6.3400
2.4000
5.2000
5.6200
3.3800
5.7200
4.9184
4.2708
6.3200
3.0204
6.2200
6.1600
5.8980
5.1600
4.6939
5.0000
3.9792
3.2400
4.6327
5.0000
5.5600
3.4600
6.3830
4.2400
4.9600
6.8600
5.5400
3.9000
5.5400
4.8333
2.7200
5.8200
4.8600
4.8800
6.6600
5.8571
2.9400
6.0200
6.3200
4.3800
6.1400
5.1400
4.3200
3.8000
6.9400
4.6200
5.0200
6.3200
5.3600
4.7347
6.5600
4.1200
6.6800
6.3000
6.0408
5.5200
4.8600
5.8200
6.6800
5.4200
5.5400
6.6200
7.2200
6.5600
6.0600
3.0800
5.9600
5.0800
4.7200
4.5000
5.0408
5.2500
6.9600
6.0600
4.8400
6.7800
5.4800
5.7600
3.2857
5.1200
4.2800
3.0400
3.8600
4.9800
6.1600
6.7000
4.0800
5.8200
4.2200
4.4400
4.3200
6.7800
4.1200
5.2800
4.4600
4.9200
4.9400
4.3000
4.1800
5.6600
5.0800
3.3000
5.2400
6.5400
6.4200
5.0000
4.7347
6.3400
6.7800
5.0800
5.1800
5.1600
6.4400
5.7000
4.8800
6.0000
6.2200
5.5800
5.8400
4.2000
4.2857
6.0200
7.2000
5.7000
5.1800
5.2400
5.1800
5.0800
5.5000
6.1800
3.9600
7.0600
6.1200
3.5400
7.2800
6.5000
6.6200
4.5400
3.3400
5.0800
4.8400
5.7778
4.9592
6.8600
3.3878
5.6200
2.4400
6.4800
6.3600
4.9800
2.9000
6.2600
5.0400
7.1600
3.1400
5.3200
2.8200
5.0400
5.0400
5.5600
3.3400
5.4286
7.1800
3.3265
5.2600
5.0204
5.9800
4.6400
5.7755
2.3200
6.1837
4.6200
3.8542
4.7551
3.2800
5.8800
4.6735
5.5800
2.5600
2.1600
5.1000
5.4200
7.4400
6.2200
5.8958
2.8400
4.2857
5.1800
7.8000
5.4286
7.1600
5.3800
6.5102
6.4898
6.1400
2.8400
6.0204
2.4200
5.6000
5.9000
5.6600
5.0000
4.9800
4.9388
6.0400
7.3617
4.1400
5.8800
4.9167
3.4286
4.2000
5.7200
4.6400
5.2000
6.1915
4.9600
5.7800
4.3404
7.2400
7.2000
4.8400
4.8200
2.1064
6.2800
3.0400
4.4200
6.0600
6.2000
6.8200
4.9388
6.1600
5.9600
4.0417
4.3000
5.8750
5.6400
6.0800
5.9000
3.7292
5.2600
5.6400
6.9600
5.4600
5.5600
6.5400
5.4200
4.5918
6.1200
4.7000
5.7400
5.3400
5.2000
3.5200
5.6000
5.6800
5.0000
3.2041
3.3300
3.9592
8.0400
6.2200
5.1000
5.4000
5.0200
4.2400
4.8000
7.7600
5.0612
4.9400
5.1429
5.2200
3.2400
6.5600
4.6800
5.4000
5.5306
4.9400
6.9000
5.4200
2.6667
4.5400
5.1837
4.7800
6.6600
6.0000
7.1000
5.3600
2.4000
2.8200
5.4800
4.7200
5.2800
6.1400
5.8800
6.7708
5.7755
5.2600
5.2800
2.3400
5.8200
4.6939
6.7755
6.2200
5.5200
2.6800
4.5714
3.5400
5.6735
7.5400
5.9400
4.7959
7.0600
6.8600
3.5510
4.1800
6.6200
5.6458
5.0204
5.1429
4.2200
5.2200
5.1200
5.2200
4.6531
5.9600
5.8000
3.6800
4.7551
5.4800
5.1400
5.3000
6.9600
5.6800
5.0833
4.6122
4.0800
3.8400
1.8000
6.0816
4.9400
2.0600
4.9000
3.7551
4.4400
2.5714
4.6600
5.9800
5.5306
6.0408
4.2653
5.6531
4.4800
5.0417
3.7347
5.9800
3.9167
5.5918
6.2000
6.6000
5.0200
4.9600
5.8600
3.5400
2.9400
5.1800
5.4694
5.0000
7.5600
3.1800
5.0600
5.6400
5.3000
4.9600
5.5800
2.0600
5.6600
5.0600
3.1429
3.2200
4.4200
4.6200
5.0000
6.2600
5.4694
4.4400
5.7400
6.8400
4.8163
5.1800
3.8400
5.6400
7.0200
5.7000
7.9200
3.8750
1.8400
7.4200
6.7200
4.8000
3.8200
5.8400
5.6400
5.6200
5.1000
5.5800
5.7800
5.1600
7.1200
5.1800
7.1020
4.8400
5.8600
6.6600
5.0200
5.6000
1.5400
5.8980
5.6200
4.8367
4.7959
5.8571
7.9800
7.4200
7.5000
5.8400
5.6939
6.2400
4.3061
5.6000
5.0417
5.4600
5.2000
5.8600
5.0000
7.4400
6.5800
7.5000
4.6600
5.1400
5.6200
5.1400
5.9400
5.0400
5.8000
5.3400
5.6800
5.7400
6.5714
4.6531
2.3600
6.2041
4.8200
3.9800
5.9200
4.3673
5.4800
5.7000
5.9592
4.6600
5.5600
2.5625
5.2200
5.9796
5.0204
5.8600
6.3061
6.4000
5.1400
6.0612
3.5102
6.1800
5.3200
3.6875
2.8600
5.0600
5.3000
2.3000
4.3800
6.6400
6.6400
4.8980
5.0500
4.1020
3.7917
5.6000
4.2400
6.1800
3.7400
7.4000
5.8200
5.6600
6.4082
4.8600
5.2400
5.4800
2.6200
4.7800
5.2000
4.8200
5.1800
6.0800
5.8200
5.9400
5.5510
4.8980
7.0600
5.0600
5.0400
5.4200
4.8600
5.0600
6.4000
4.9592
7.1000
4.9592
2.1400
4.9592
5.4600
4.1064
4.2600
5.1600
5.0612
5.7000
5.1020
5.3878
3.8200
3.0000
5.9796
5.6200
5.2245
5.0400
2.1600
5.5400
5.0204
5.9400
4.9400
5.5152
5.9800
4.8800
7.7400
7.3800
5.5000
5.9800
5.1000
5.0400
5.4000
6.0400
5.3600
3.2200
5.4400
4.3200
4.4694
7.1600
5.1000
2.0600
5.6800
4.8900
5.4600
6.1800
6.2400
5.7200
3.5918
4.8000
5.4000
5.1250
5.1200
5.0200
4.3000
6.8200
5.9592
6.0600
3.9200
4.5000
5.3000
6.4600
6.3600
5.6000
4.7200
6.0800
6.5208
5.6200
6.7200
6.1800
3.4800
5.2857
5.9400
5.6400
4.0600
5.7600
3.5000
5.5000
3.5510
4.8200
7.9600
6.7143
4.0200
6.1800
5.0800
3.4694
2.6300
6.0200
6.2800
4.8000
5.4800
5.0000
6.3800
5.5000
5.0400
3.4375
2.1200
5.7000
3.0408
4.9800
5.3617
5.4583
5.6800
5.1400
5.2200
5.5000
5.5102
5.5000
5.5800
5.5000
5.3061
4.9800
4.9200
5.4400
5.8200
5.3878
5.2083
4.1600
5.7000
4.8400
6.0000
2.8980
4.0208
3.9400
5.6600
5.4286
5.1800
5.9800
2.9600
5.1875
6.2800
7.3600
6.5833
6.1200
5.2000
4.7600
5.1800
6.2800
5.1200
4.9388
5.2400
4.3469
6.1224
6.1000
6.1400
7.2200
5.2000
7.5800
5.1667
5.0204
7.4898
4.6327
5.3800
4.9400
6.1800
6.3400
3.9375
4.8571
5.9200
5.5400
5.1200
2.9400
5.3200
3.0200
6.2800
4.3200
5.9184
5.7200
4.7800
4.9800
8.0200
3.5714
2.4082
5.1200
6.1200
6.6200
5.0600
5.2200
5.4400
4.7600
4.8200
4.8200
6.1600
5.9000
4.8367
6.0200
3.4600
4.5400
6.0200
5.6200
5.1400
3.1875
6.2800
6.9388
5.8571
5.5800
5.6800
4.7959
5.7083
5.3800
6.3400
3.9600
5.2245
5.7200
7.4000
3.7551
5.2800
3.0000
4.3600
5.9200
5.8788
4.5600
5.4600
4.7143
5.1000
6.3800
5.7400
5.2000
4.8400
6.3000
5.6000
6.3000
5.0816
5.0600
5.1000
4.4000
7.3469
7.1400
2.0400
3.2340
3.8600
6.7800
5.0816
5.3000
6.0600
5.7000
6.6800
5.8200
6.0600
5.4800
6.3400
4.8000
3.8367
4.0400
4.4600
3.0800
5.3265
5.3400
5.5800
6.6400
4.9592
4.7400
4.9200
5.6939
7.0204
4.6000
3.6735
5.2200
5.3600
6.1800
4.9000
5.4600
5.1000
4.1800
5.0200
6.0400
5.5208
5.1818
5.0600
4.9000
3.2200
5.7800
5.4600
6.1200
5.3600
7.9184
5.0200
5.1400
4.5800
7.8200
6.5400
5.3200
5.3469
4.5400
5.3600
2.1200
6.5400
4.7000
6.8000
4.6200
4.9600
4.8200
4.8000
6.3400
5.0800
4.9200
7.2800
5.7200
4.9375
4.9000
4.7755
7.7200
4.3600
3.8200
6.0000
3.3000
5.2600
5.4000
5.2600
6.3600
5.0400
4.0800
6.2200
6.2000
5.1429
4.6200
8.0612
3.6200
5.0000
6.4583
5.7551
4.8571
3.5714
4.7400
5.0000
5.0800
4.6800
5.0400
4.0400
6.2600
6.8200
6.4200
5.3673
5.5600
4.7600
6.3600
6.4800
6.0000
5.6600
5.5600
5.4400
5.6200
7.6200
5.8542
5.2400
4.5918
4.9800
4.8600
4.8200
4.7400
6.5400
4.9000
5.7083
5.2200
4.7600
5.5800
7.0400
5.5200
6.6400
5.6600
5.5000
5.8980
3.5417
6.0600
4.8800
3.2653
4.9375
5.6200
5.8400
4.9400
7.7600
4.3617
7.2200
4.6400
3.5200
3.4000
4.6600
5.9796
3.9600
5.1200
2.2600
4.8980
6.7400
4.9388
5.0200
4.4400
5.1800
4.9600
5.0800
6.7800
4.9200
6.5102
5.7400
6.4694
4.7000
6.6800
4.1224
5.6200
3.5000
4.2000
4.6327
6.5800
6.0800
5.7200
5.0200
3.6800
3.7917
6.2200
5.5000
5.6800
5.6400
4.5400
5.4600
6.4400
5.9000
5.9200
2.4200
6.8776
5.0600
6.9800
4.7000
7.0200
6.3800
5.8800
4.7551
5.2200
2.9000
6.2400
4.8800
5.2800
3.3200
2.5510
6.1600
4.8600
4.0000
6.2000
5.1200
4.4000
5.4800
5.5200
5.6400
5.4141
3.4200
4.7000
6.2600
5.7600
6.6400
7.4400
5.2600
6.6000
5.0000
6.0000
7.1800
5.2600
6.7200
6.0600
7.1000
6.6000
5.2400
6.3000
4.4600
5.2000
5.5000
5.1600
7.0800
4.6875
3.4490
4.6600
5.3400
4.8367
4.6122
3.5600
2.3400
4.5833
4.0400
5.2600
6.6531
5.1400
5.3000
4.6667
5.0200
3.5000
5.5600
5.1200
4.8958
5.1600
4.7917
5.2800
5.0800
4.4900
6.8163
5.7347
4.8163
3.5800
5.1400
5.0200
5.6800
6.4400
3.4200
4.5400
5.3400
5.0200
6.8000
4.4600
5.5510
5.0000
2.5400
5.3673
6.0000
3.7374
4.8800
5.3200
6.1800
7.1000
3.6000
2.6800
5.2000
4.7551
5.9600
2.9200
3.6531
3.8542
2.9000
4.8958
6.1064
4.9388
4.8163
5.8400
3.2653
2.8200
5.5208
4.6800
6.2400
4.8367
4.9000
5.3600
6.5800
5.7234
5.4800
6.6600
4.8200
5.2000
4.8200
6.5400
5.2600
5.9787
6.9800
6.7800
5.6531
5.1000
5.2083
5.3200
7.0800
6.2917
5.0200
4.9388
6.4200
3.5400
6.0200
5.0816
6.2800
5.1800
5.9600
5.7551
6.2800
7.8800
5.6600
5.0000
4.7200
4.7959
4.9900
5.4400
4.8367
2.9800
7.2600
5.2653
4.2400
6.4898
4.8367
5.0000
5.0400
5.5600
6.3200
5.6200
5.0612
6.4490
5.2857
4.0600
5.2245
4.3800
4.9200
6.4200
5.1600
4.2857
5.3878
6.3800
2.9796
3.5400
4.4800
5.5800
5.3800
6.8800
5.1200
4.9184
5.4400
5.5400
6.4898
6.2000
5.7234
2.5800
4.6800
5.3600
6.5306
6.3400
4.0816
5.2000
5.9600
5.1200
5.3000
5.7800
4.9800
3.2449
5.8800
4.7551
5.8400
4.8800
4.9400
5.7021
1.6400
4.2400
6.6200
6.8600
3.3100
5.0400
5.7551
6.9796
5.6400
6.0000
4.6531
6.2200
5.7755
6.2449
4.3400
6.3000
6.2400
4.3800
7.4400
5.5400
5.9600
5.8000
5.2000
5.8600
6.3600
3.5600
4.2917
3.5000
5.1400
5.2041
6.1000
5.0400
5.3200
5.1400
4.1000
6.5102
7.0200
5.5000
6.8600
6.4000
5.3600
5.7000
4.7200
5.2600
5.1400
5.5102
3.8776
4.3200
6.6400
5.6000
3.3232
5.9400
4.7083
6.4000
6.4200
4.7200
4.1800
6.3600
5.6250
5.0400
6.7400
1.8333
4.7143
5.0000
5.2200
5.5400
4.0200
5.7400
3.1800
5.5600
4.7917
7.4800
5.4800
5.9400
5.5400
5.1000
6.3469
4.7755
4.5714
5.0000
4.6400
5.6600
5.1224
3.5200
6.1020
6.7400
5.1800
3.5306
4.6327
5.2245
5.2857
8.0200
5.0800
5.4200
5.6200
3.0400
4.5000
5.4200
2.7292
5.3800
5.0800
4.6327
5.8200
3.0000
6.2400
7.2400
5.0208
7.1000
4.9184
3.7800
5.8800
5.1400
5.3000
3.2400
5.1400
4.9600
4.4600
6.6800
3.7917
5.0800
5.9800
5.1633
4.8800
3.6800
5.4800
4.7292
4.3400
7.1600
5.6000
3.5306
5.2000
5.0204
4.8571
4.5102
6.6000
4.7000
5.8571
4.6667
2.2857
4.3400
5.0400
5.1800
5.1042
5.3265
5.0400
5.7400
5.5800
4.8400
6.3200
5.8200
6.0400
4.4375
6.8800
4.6800
5.8200
5.4200
4.3400
7.3600
4.6400
6.1600
5.1400
6.3400
5.1010
3.8200
3.2449
1.8200
3.7800
4.3400
4.9796
5.0000
5.2200
5.3404
4.6200
2.7800
4.0200
4.7000
5.6735
6.7800
4.1667
4.7143
6.7755
5.4898
5.1600
4.9388
3.7400
2.1800
5.4468
6.3000
7.6000
5.6800
4.6800
5.1000
5.0600
6.8980
4.9800
4.8600
5.2600
5.7000
5.6000
5.6200
3.8163
5.3333
6.1000
5.3800
5.7551
4.3600
5.8000
3.4286
5.1200
5.1000
6.2800
3.8980
5.5102
5.1400
4.3542
4.6939
5.1400
7.2400
6.2200
4.9600
6.7600
5.1633
4.1600
3.3636
4.9184
5.8600
4.8571
5.8600
5.2800
7.4200
6.8000
5.7400
5.3061
3.5200
6.2400
6.3200
5.1064
5.6000
5.2857
5.9000
4.0400
5.6000
7.4000
4.7200
5.6875
5.4400
4.0408
3.2400
3.1800
5.8000
5.0612
6.9200
6.8400
6.9800
4.6800
4.6400
4.1800
4.6800
6.0200
3.1800
5.8400
6.3400
5.6600
3.3200
4.0400
5.3000
3.3600
5.6400
1.8000
5.9583
5.0600
2.8800
2.8125
5.9583
6.4400
5.0000
5.4898
6.3200
4.8000
7.2600
5.5957
4.2000
6.0600
4.3400
3.4082
5.8600
5.3600
5.9100
4.9000
5.5102
3.9184
4.9400
3.8980
5.0000
3.9796
5.4490
6.3673
5.2800
2.8600
4.7000
5.5714
5.4898
6.2200
6.6800
4.6809
5.7800
4.9200
6.1200
4.7959
3.1400
6.5600
4.5800
4.8163
5.2653
5.5625
5.8000
4.9388
3.2800
4.9592
5.6600
5.8776
6.6600
5.1875
3.9000
5.3000
3.7755
2.4600
4.6200
3.0408
6.2200
6.1000
7.0816
4.8800
3.5800
5.3800
7.2000
5.4200
3.5600
5.6800
6.6400
5.7600
4.6800
4.5800
2.1600
5.4082
4.1800
6.5200
4.6800
4.9800
2.7200
4.7800
7.2400
6.3600
2.5000
5.8400
5.7800
4.3600
6.1000
3.1400
5.2200
3.7600
2.6939
5.8265
4.2800
6.7000
5.1000
4.7200
4.7800
5.4400
5.1400
7.3200
6.4400
7.2653
5.5510
4.4600
3.5400
5.4082
6.1000
5.5510
5.7800
3.2400
5.2200
5.2800
3.3878
5.1800
4.0600
4.8200
5.2800
6.1400
4.3600
2.4082
2.5800
6.2000
4.8000
6.4400
5.3800
5.3600
3.4694
5.3800
5.6400
6.5714
4.7000
7.2400
6.0400
4.8571
4.4000
5.6200
4.3600
2.7200
6.0833
3.7400
2.7000
5.7200
4.5000
5.7083
6.6000
5.2041
6.0000
5.4800
2.7200
5.0400
4.7200
4.9400
6.7000
4.9400
2.8400
6.3542
4.8200
6.5800
6.9200
5.3800
6.5400
5.3469
3.1800
5.1800
3.4242
3.3200
6.4400
3.3400
4.7000
6.5918
4.3673
4.9000
3.0417
6.2600
4.9375
3.8400
4.9400
5.4200
6.4082
4.2917
6.8163
4.1633
3.6600
6.5600
6.3125
5.4000
3.8200
5.5600
6.3200
5.7400
3.5400
4.4800
4.4600
4.6531
6.3400
3.4600
4.1020
5.3600
3.4792
6.1837
5.0833
5.4490
