4.9800
4.9400
5.2200
4.9800
5.5000
5.2400
5.1800
4.9400
5.2200
5.2200
5.0200
4.6000
5.7200
5.6800
4.9800
5.5600
5.4200
5.9200
5.0600
5.5600
5.1600
3.8600
4.9800
5.1800
4.9000
4.9400
4.2400
5.8200
4.8400
4.7400
5.6200
4.8600
5.1600
6.2400
5.4000
6.2200
6.3800
5.0400
5.1800
5.1000
5.8400
6.2400
4.6600
3.4800
4.9600
5.0600
5.0800
5.3800
6.0200
4.9600
5.6200
5.0400
5.4800
5.1000
6.1800
5.5400
4.9200
5.0200
4.7400
4.8000
5.7400
5.0400
4.9200
6.1600
5.1600
6.8200
5.1600
4.6200
5.4000
5.4200
5.2200
6.1400
6.8200
6.0800
5.3400
5.7600
4.8400
6.2200
6.5800
5.5200
6.0600
5.2400
5.0800
6.1200
5.3800
5.1000
5.9600
5.8200
7.2200
4.8200
4.9400
5.9000
6.6800
5.5800
5.6000
6.2600
5.0200
4.8200
5.6200
5.8400
5.3600
6.1600
7.3200
5.2400
5.7400
5.1000
4.6800
5.9000
5.0000
7.8800
5.3400
5.4000
4.6000
5.5800
5.2800
5.2400
5.9000
5.2800
6.1600
4.7000
7.2000
4.9800
4.6000
5.6400
6.5200
5.1200
6.0000
5.7200
4.7400
3.5400
5.9400
6.2400
4.6000
5.3200
6.5400
5.2000
5.2000
5.4800
5.0600
4.7200
5.7600
4.8200
5.3000
3.6600
3.4000
5.0800
5.1400
5.0200
5.5600
5.3000
5.6400
3.9800
6.1000
6.5400
5.2200
5.1800
4.6400
6.6800
5.7400
5.2200
6.6400
6.2200
3.3400
5.3800
5.1800
5.2400
5.6400
5.1400
5.0600
5.2200
5.2800
5.3400
5.3800
5.8200
1.8000
5.3800
6.7000
4.5200
6.0600
4.1000
7.2800
5.4200
5.1800
5.6600
5.6000
5.4200
5.4200
6.7400
4.7800
5.6800
6.9600
5.5400
4.5000
4.9000
5.5400
6.3400
4.7000
4.3600
4.7000
5.3800
6.3200
3.7400
7.1200
5.2600
4.6400
4.8400
5.4200
5.9000
5.9000
5.5800
4.3800
6.3800
5.9200
5.0000
5.5800
4.0200
6.4800
6.2600
4.1200
5.8400
6.3800
5.2200
6.2800
5.0400
5.6200
6.5400
6.2600
6.2000
7.1200
5.8800
4.9800
5.3800
6.2400
5.9200
7.7200
4.9400
4.5800
5.4200
4.6000
6.0000
5.6600
5.3800
7.2400
7.3200
5.7600
5.0800
6.7400
5.7800
5.6600
5.6400
4.9400
6.0600
5.2000
5.1000
7.1400
5.9600
5.9800
4.8400
5.4600
5.6000
5.5000
5.9600
6.4800
6.1200
4.2800
5.7400
5.7000
5.8000
5.1200
3.3200
5.5600
4.2200
5.3800
5.5800
4.9200
5.0400
5.4000
7.2400
5.7600
6.8200
6.3600
7.1800
5.7600
4.7200
5.0400
4.9200
5.2000
3.9000
6.1800
5.1000
5.3200
6.0000
5.0800
4.9800
4.8800
5.4800
5.7800
4.9800
5.7000
5.9600
5.1600
6.0400
6.0400
4.7600
5.0200
7.0000
1.5400
4.7000
4.9800
6.4000
4.9800
6.2800
4.0000
5.0000
7.0800
5.7200
8.4200
5.3600
5.4200
6.2400
5.3800
4.8800
5.3600
5.6200
5.4600
5.9800
4.7200
4.9600
4.8200
6.3600
5.2400
6.5400
5.0200
5.6200
5.6000
5.0200
6.8800
5.8200
5.9400
5.7800
4.8800
7.9600
4.9000
6.3000
6.5800
5.5400
5.4400
5.8600
6.8000
2.9800
5.2800
5.4000
4.6000
6.0000
5.2800
5.7800
6.2400
4.6600
4.9600
6.0000
6.4600
5.4200
5.6200
6.4600
3.7800
6.2200
7.5800
5.4400
7.2400
6.1600
5.5600
4.9792
5.4400
7.2400
7.0600
5.7000
5.5200
5.7200
6.1800
5.5400
4.7400
5.5400
7.2400
5.6600
4.8200
4.2800
5.4600
6.5800
5.2600
5.5600
6.0800
6.3400
6.1200
4.7800
6.8000
5.4800
5.4600
4.5400
4.8800
5.0000
5.1000
4.9400
6.5600
4.0000
5.3400
6.2200
5.3200
5.7800
5.6600
6.7800
5.5400
5.0800
6.4400
7.3000
5.0000
6.1000
5.5200
5.5800
5.9000
4.8800
3.6600
6.2400
2.9200
5.2800
4.4600
5.9000
5.4200
5.2800
6.1600
5.5200
6.3400
5.8800
6.2400
5.6600
7.2200
6.6400
7.6800
5.3600
5.8000
5.9600
7.2200
5.2800
6.4000
5.2200
5.2200
6.3400
5.4400
7.2000
4.2200
5.5000
6.5600
5.9800
5.3000
5.9200
5.7600
6.6800
6.6000
5.1200
5.6000
5.9600
6.0200
6.2800
5.1200
6.2800
6.2600
5.0600
5.7200
5.6600
6.0000
6.3000
5.5600
5.6400
6.8400
3.8200
4.7800
6.5600
4.4200
6.1800
4.8800
5.6400
5.6800
4.6400
5.6800
4.6200
5.9000
5.6200
5.6800
6.5200
5.6000
4.4600
4.9400
6.4600
5.3600
6.7600
5.8000
5.4200
7.1200
5.4800
7.0600
4.9400
5.6400
4.8800
4.2600
5.6000
6.6000
5.9600
4.7600
5.2800
5.5600
6.0000
5.3200
5.9400
4.2400
6.6800
6.5600
5.1600
5.8400
3.6800
5.9400
5.3400
4.8200
6.8600
5.8600
5.6800
4.9400
6.0600
6.3400
5.5000
7.0600
4.6600
5.2000
5.4200
3.6600
5.1400
6.4800
5.2400
5.8000
6.1200
6.7000
5.6800
6.4800
5.6000
6.0400
5.2200
6.5800
4.8000
5.7000
5.7400
7.2200
5.8400
5.2600
6.2800
2.3200
5.6800
5.9400
5.5000
7.4400
5.2600
5.2400
5.0000
5.2000
5.5800
5.5800
3.4600
5.5800
6.2800
5.6800
5.5800
5.8200
5.4000
6.4800
6.6000
4.1000
6.4000
3.1800
6.7600
5.8000
5.8600
6.6800
5.8800
3.6600
5.8600
6.7200
5.9200
6.0400
6.1800
3.3200
6.9400
5.4600
5.8000
6.3200
5.3400
4.4800
5.6800
7.4200
5.8800
4.7800
2.0000
7.2800
7.2600
5.8600
6.3800
4.7600
5.3400
5.2400
5.1000
5.9000
5.3400
5.3600
5.2000
5.4600
5.1800
5.5600
5.9600
4.0600
5.5800
2.7600
5.0400
5.1000
5.9000
5.4600
5.9400
6.0200
6.1400
5.5000
4.9400
5.4600
5.1224
4.1000
7.1800
5.5600
5.1600
5.8200
5.4600
4.7200
5.2600
6.1800
6.7400
6.6200
5.9400
5.9200
6.7200
5.4600
5.1600
5.3800
5.4600
6.4400
4.4200
4.4200
5.3200
5.3800
5.2400
6.8400
6.1429
5.9800
4.9400
5.7200
7.9200
5.7200
4.5200
4.7000
6.3000
6.3600
5.4400
5.8400
4.9200
5.3400
4.7400
5.2200
5.9600
5.0400
5.4800
6.4400
5.8000
6.0400
3.8000
5.6800
5.1200
6.2600
5.4400
7.3400
6.0400
6.3200
6.9400
6.3600
5.0000
5.8800
5.5600
5.0000
6.3000
7.0400
5.6600
5.2600
5.9000
5.7800
5.3400
6.5600
5.3000
4.5200
4.9800
6.0800
7.8600
4.7800
5.7200
7.3800
5.2800
4.9400
6.3200
6.3200
5.9800
6.5600
4.9200
4.8000
6.3200
6.3200
5.5800
6.2400
6.4200
5.4400
6.3600
6.1800
6.8400
5.3800
2.5600
4.2200
5.3000
5.6800
4.7600
6.1000
1.7400
5.3000
5.4800
5.7000
6.3000
4.1800
5.5000
5.6400
5.6800
6.4600
5.4400
5.5000
5.9800
5.7800
5.6800
5.0000
5.1200
6.0000
6.2400
5.4800
5.9400
5.7600
5.1400
5.7800
5.7400
5.0800
5.8200
6.2800
4.5200
5.1000
6.4200
6.4000
5.4000
6.0200
7.1000
5.3800
5.7800
6.0600
7.6600
5.3000
5.5000
5.1800
6.7800
6.0000
4.9184
6.2600
5.8600
5.9400
5.5400
5.8000
5.5600
5.0800
5.8200
5.2800
5.6600
6.8200
6.8400
6.5400
3.4200
6.8200
4.0400
4.9400
5.0600
6.5200
5.4600
5.7000
5.2600
5.9400
7.5800
6.9200
5.1000
5.3200
6.1800
5.9600
5.7400
6.7600
5.1400
5.1600
5.3000
4.9600
6.3200
4.4600
4.4800
5.7400
5.9200
7.1600
5.4600
5.4800
6.0000
5.7400
6.7400
5.3200
5.8400
6.5000
5.5200
5.8600
6.3600
6.0600
5.7400
5.7000
5.2600
5.5800
6.2600
6.3000
6.2600
5.8600
4.7200
2.0000
7.0800
6.1800
3.7200
5.9400
5.7600
5.9000
4.2200
4.5000
7.3600
7.8600
5.0200
6.5000
5.3000
6.7400
7.4000
6.2200
5.6200
6.1400
5.5400
5.4000
5.3800
6.0400
5.6600
5.6600
4.8600
5.7600
6.0800
3.5918
1.5600
5.5800
4.6800
5.8200
6.1800
5.3000
5.4600
3.1600
4.8400
8.0200
5.5600
6.2200
5.3000
5.7000
6.3200
5.5000
6.7600
5.7400
5.9000
4.7600
6.3800
5.1200
3.9000
5.4800
5.9800
4.3400
5.5600
5.5600
7.1400
6.7400
6.7400
5.9400
5.5200
5.3200
5.3000
5.4600
5.7200
5.5600
5.9800
5.9000
4.5200
6.2400
6.3200
6.1600
5.2000
5.0000
5.9600
4.6000
4.5600
5.8400
5.8800
5.4200
6.1400
6.6800
5.5600
5.4400
6.4200
5.0600
6.4600
5.6600
2.3200
4.2800
4.8800
5.7400
5.0400
5.4200
5.9400
7.9000
4.8800
5.4600
5.2200
5.3200
5.6600
6.0600
6.3600
6.8200
5.0200
4.5800
5.5400
6.1000
2.6400
3.6200
7.0200
5.9000
5.5000
4.9800
5.7600
6.1400
5.7600
6.2800
6.8600
4.9200
7.8000
4.2200
3.4200
5.8800
2.8600
5.1800
5.0400
6.3600
6.1600
4.9400
6.2200
5.8400
5.3200
6.2600
5.1000
6.9800
5.9600
5.0800
6.6800
4.8600
7.8000
5.8200
6.8600
5.1600
3.8200
3.8400
4.2200
5.8000
6.0600
5.3200
5.1800
5.2600
6.3400
6.0400
2.1000
5.6000
4.1400
5.9400
5.3000
5.9200
4.1600
4.9400
5.4800
5.1400
5.5200
5.3800
5.5200
5.5600
6.6000
5.6000
6.6600
5.4800
5.5800
6.0000
5.6200
6.7800
7.2600
6.5800
4.4800
6.0200
6.2200
4.8776
4.9000
6.0200
6.1000
6.6800
5.2800
5.9000
5.7800
5.5000
7.1000
6.1000
7.5600
6.6400
7.3800
4.4600
5.0800
4.2400
5.4200
5.6400
4.4200
6.6000
6.7600
6.0600
4.9796
4.9000
5.8200
4.3800
5.7000
4.4200
5.1800
6.4800
6.7000
5.7600
6.3200
6.4200
4.9200
7.2200
5.4000
6.0000
7.4200
3.2200
5.2200
5.0600
5.6400
6.7800
6.2400
5.4000
5.3400
5.4200
6.7600
5.5400
6.5800
2.0600
6.5200
5.7600
5.2600
5.7755
5.9400
5.8600
6.4600
6.0200
5.7000
5.9800
4.5400
4.8800
3.6400
5.3000
6.4600
4.3600
6.0800
6.2400
5.2800
5.8800
6.9200
6.7800
5.2000
5.9400
4.7000
6.6800
3.1600
6.2600
7.1800
5.8200
5.0800
5.6000
6.4400
4.8400
5.5600
4.8000
5.2800
6.2800
4.3200
6.6000
3.8000
5.6000
5.3200
5.0600
5.8200
6.3400
5.4000
7.2800
6.1800
4.9800
5.1400
6.7400
5.3600
5.4800
6.3200
4.8800
5.5400
6.1000
7.0000
6.7400
5.3600
5.6000
4.8600
5.3400
4.5400
6.3400
4.1000
5.0400
5.3200
2.9000
5.6400
4.8571
5.6000
4.7600
6.9200
6.2400
6.4400
5.9600
5.6800
5.7800
4.7000
7.5400
6.7800
4.8800
6.4400
6.0000
5.8600
7.9200
6.0800
5.6000
5.9400
6.0200
6.4400
7.5200
5.2000
8.1000
5.7959
4.3200
5.5000
5.9000
6.3400
4.6400
6.5600
6.7000
7.1400
4.7400
6.7600
4.5400
6.1600
6.5800
5.7400
4.9800
5.7600
6.6400
2.4200
4.8800
6.1200
5.6600
5.4400
4.6800
6.2400
5.6800
6.4000
5.3600
6.5200
5.7600
8.1600
5.8000
5.8200
5.4800
6.0600
5.0600
6.4200
5.9394
5.8000
6.1400
5.4400
2.9800
2.4200
4.7600
3.6400
5.6000
7.2600
6.1000
5.1600
4.3800
5.8200
5.2000
5.1800
7.9800
5.0400
6.2400
5.4400
6.3000
6.4000
5.8000
6.7400
5.5200
6.5600
6.5200
6.0200
4.8400
4.7800
5.7800
6.2600
3.1400
5.6600
6.6200
6.1200
5.7917
5.8800
5.1800
5.7800
5.8367
7.1200
5.6400
6.3600
6.2800
6.8800
6.5000
5.0600
6.2400
5.8400
5.2400
7.0000
5.7600
4.5800
5.4800
5.9200
5.3600
5.4600
3.2200
6.0200
7.0400
3.1400
5.0200
5.6000
6.0200
6.5400
6.6400
6.1600
4.4400
5.9800
5.4000
5.9000
4.3600
5.2600
7.1600
6.0200
6.8000
5.5400
5.1800
5.2600
5.7000
6.8200
5.9800
5.7400
5.4200
5.3600
6.6200
5.2600
5.2600
5.1600
6.8400
6.9800
5.6200
5.8200
6.0000
6.2400
5.8200
5.7083
6.3600
5.5000
5.4400
4.9400
4.4800
3.1000
6.5200
5.0200
5.8800
5.2600
4.9400
5.5600
7.0000
5.5000
5.7800
5.2600
5.6327
6.5400
5.2200
4.2449
6.0400
5.0000
7.2600
5.0800
5.6000
6.2800
6.0600
4.7600
6.1000
5.5918
5.8800
5.7400
6.5800
6.7200
6.4400
6.1400
5.3800
5.2600
5.1600
5.2400
6.4000
5.2600
5.7800
5.8400
6.7200
6.9600
5.5600
4.6800
5.8571
6.7800
4.7400
5.9200
5.9000
7.4400
3.5000
5.4800
5.5400
5.7143
2.6400
5.4800
5.7600
5.9400
6.0800
5.1600
5.4200
4.9200
3.9000
5.5800
5.8800
8.3000
6.1600
5.2800
5.0200
5.4800
5.1800
3.3800
5.4600
5.6600
6.4000
5.2200
5.5600
7.3200
6.6000
4.9200
6.1800
5.8000
2.8600
5.2000
7.0800
7.1000
5.7200
3.7200
5.8200
5.1400
4.6000
7.1200
7.2200
6.0400
5.1400
5.2000
4.7400
2.4200
4.8400
5.5200
4.6800
5.8000
5.8400
6.1200
7.4200
5.6600
5.7200
5.4600
6.5600
1.9000
6.2000
5.8600
5.8000
5.3000
5.7600
3.5800
3.9800
6.0800
5.8000
4.7600
3.1400
6.4400
4.7800
4.8200
6.0800
4.6000
6.3000
6.0200
5.8400
5.9600
5.0000
5.7000
5.1400
4.6800
5.3600
6.4200
5.8600
5.3800
4.8800
5.4800
5.0200
5.9200
5.1600
7.2400
5.2800
5.8600
5.8000
6.9400
5.3800
5.6000
5.1000
4.0400
5.4600
4.9200
3.6600
5.6200
5.6600
3.5800
6.2600
6.1400
5.0000
5.5800
5.3800
6.4600
5.0200
6.9400
6.8000
4.7400
6.8800
5.9600
4.3800
4.8200
5.2200
5.1800
6.0000
6.8000
5.8600
6.4000
5.6200
7.0200
5.4200
3.1600
5.5400
4.7000
5.6600
5.0200
5.4600
5.8367
5.8000
6.4400
5.4400
6.4000
4.2400
5.4600
6.2000
6.8600
5.8200
6.1800
6.0800
5.5600
5.6000
5.9000
5.4400
5.7000
5.8400
6.9800
5.3200
6.9200
5.8400
5.2600
6.3000
5.4600
5.3200
5.8400
4.9200
4.3600
6.3400
6.3600
6.2600
8.0800
5.0000
5.5200
4.4000
5.3800
2.6000
5.5200
6.2400
5.6531
5.7400
6.0000
5.8600
6.4400
6.1000
5.4400
6.9600
5.6400
5.8200
5.2000
5.2600
5.7800
6.0000
5.5600
4.2800
2.8200
5.7600
5.8200
4.1800
6.2000
5.9200
5.2800
6.3200
6.5800
3.9600
5.3673
5.7200
5.4800
5.5200
6.7400
4.6400
4.9800
5.5200
5.4600
5.9800
6.6200
5.9800
3.4000
6.3800
6.0000
4.8800
6.5800
6.6200
6.4000
6.1800
3.6531
5.8542
3.0200
5.3400
5.7600
5.5000
6.1200
5.7400
4.9600
5.0400
5.3800
3.2000
5.4200
7.1600
4.3000
5.1400
5.2800
5.4000
6.4000
5.1200
5.4200
5.7600
5.4600
1.5600
7.0000
5.7200
5.0400
5.6000
5.6200
6.3776
6.0800
7.7600
6.9800
3.1600
5.7000
7.8600
6.1400
5.3800
1.8400
5.2000
6.1200
6.2000
5.8200
5.5800
3.4800
2.6200
5.8000
6.4000
6.0200
5.1400
6.5000
4.9800
5.3800
5.4082
6.5400
5.6400
6.3200
5.4200
5.1600
5.4800
6.3800
4.4400
5.8000
6.3200
6.2200
6.8400
5.4082
4.7200
6.6200
5.6200
5.5800
5.3800
6.9800
6.2200
4.3600
6.1000
2.7800
5.7800
4.5200
5.8200
5.6400
5.4600
5.2200
4.5400
5.0600
5.5800
5.7400
6.0800
4.8400
6.2200
5.4600
2.7000
4.9000
5.5000
6.2600
5.6400
5.8600
5.8400
5.7143
5.3000
5.7800
6.3800
6.2400
5.3000
5.8163
4.3200
6.8600
5.0800
5.8800
5.7800
5.7400
6.0400
3.7600
5.1800
6.3200
5.9000
5.2200
5.2800
7.2600
2.6000
5.9600
5.8000
6.2600
5.9600
5.5000
6.4200
6.7800
5.6200
5.5800
7.0600
6.3200
5.0800
5.6800
3.0800
5.9400
5.3200
5.6000
6.3800
5.1200
3.5200
5.4000
5.9600
5.6200
6.1800
1.8600
6.6000
6.4400
5.2800
6.0816
5.4400
4.5200
6.1200
6.3800
6.6800
5.5000
5.7600
5.9800
6.4000
5.6600
6.6800
4.9600
6.1200
4.7200
5.4400
5.8200
7.2800
7.3800
6.4400
6.0600
5.7000
5.0200
4.2449
5.9200
7.3000
5.5400
5.8400
8.1800
6.6400
5.9800
6.2400
6.0800
6.9800
4.8000
4.9899
5.9600
5.8800
4.3800
5.7959
6.0400
5.7000
5.8200
4.5200
5.8400
5.7800
6.3000
6.7600
6.2000
5.5000
5.6200
6.3200
3.1800
6.5800
6.7400
6.0600
5.5400
5.3400
5.8400
4.8000
5.5600
5.8000
5.3800
5.0400
5.8000
4.9600
5.8600
6.0200
5.3200
6.4400
5.9000
5.2000
5.0800
5.5000
7.2200
5.9200
5.0000
6.1000
6.6600
6.2200
5.4200
5.6800
5.5918
5.0800
5.7200
4.0400
7.2000
6.0800
5.5000
5.3200
5.6200
4.2400
5.5800
7.2200
5.6000
6.1600
4.8200
6.1400
4.7200
4.3600
6.0600
6.6200
5.9400
5.9600
5.5600
6.5000
4.8000
4.9800
5.5600
6.6800
5.2200
5.3600
5.7755
4.6400
5.5600
5.7600
5.7800
5.4490
6.1800
5.7660
5.6600
6.3400
3.7800
5.8000
6.1000
5.4200
6.3400
5.4000
6.2200
6.4400
6.3800
4.0000
5.0000
6.6600
5.4200
5.6600
3.9800
6.5800
6.2400
5.7000
6.8600
5.6800
6.2600
6.2000
5.7600
4.1800
5.4800
5.2000
5.3800
5.2800
5.3400
4.8571
7.2400
6.1800
6.6000
5.1200
1.5400
5.1000
5.3400
5.8000
6.8000
5.3600
4.7600
6.3000
6.1400
2.4800
5.1400
6.4800
5.8000
5.4000
5.4400
4.8800
5.9400
5.0600
5.6531
4.0200
6.1800
5.2800
5.6600
5.4200
4.7600
7.0800
5.2600
4.6327
3.7800
5.0400
5.7021
5.8000
5.6667
5.4082
5.1400
6.8600
3.6800
5.1200
3.8600
6.2200
5.8200
6.2200
5.6800
5.6200
5.2800
6.3800
5.2600
4.5400
4.2200
4.9600
5.4000
5.9800
6.6200
5.3200
5.6200
5.0200
5.3000
5.8000
5.8800
6.7800
6.4600
6.0000
6.5400
5.1600
6.3600
6.6800
5.5000
5.5000
4.0400
5.2600
5.6400
5.5800
4.8200
5.2400
5.8600
6.3600
6.9600
4.8163
6.3400
5.5400
7.0200
6.3000
5.6400
6.1000
6.0600
4.1400
3.1000
4.9200
5.4800
5.9600
3.1000
6.1400
5.5200
6.2917
6.8200
5.9000
5.6400
5.1800
6.2000
7.3200
6.0600
5.9800
4.4898
5.7000
5.2600
5.4200
6.0400
5.3000
5.4200
5.8600
6.0600
3.3800
6.4000
5.6800
2.6400
4.7600
5.9000
7.5600
6.5200
5.3600
5.9600
6.1200
5.1000
5.5200
5.8000
5.8000
6.3600
2.2000
5.7600
5.4400
6.5000
7.1200
5.7000
4.9000
5.1200
6.9200
4.0200
4.5800
4.4000
6.5800
7.0400
5.2200
6.1400
6.8600
5.2200
5.2400
6.1400
6.3400
5.6400
5.9800
6.2400
5.5800
5.8400
5.5800
5.6800
5.4800
6.0600
5.0417
6.9200
4.5000
6.2200
5.3600
2.5000
5.8800
6.3200
5.7400
6.0612
5.1000
6.3800
5.9800
5.7400
5.6200
7.3000
6.8200
5.4800
5.5800
5.6400
6.1600
4.7800
7.2800
5.4800
5.1600
2.8400
4.7400
5.3600
5.8600
6.7000
5.9800
6.4800
6.0600
6.0400
6.4000
7.1000
5.8800
6.5102
3.7400
5.6400
5.3542
4.6600
4.9600
5.7200
5.8000
7.0000
5.1000
6.0800
5.1800
5.6800
5.9400
4.2000
7.0400
3.5400
6.7200
5.3800
2.5800
6.4694
6.2800
5.8200
5.7600
5.9600
6.8400
6.2200
5.4600
5.5417
5.3200
5.0400
6.1400
6.2200
5.3200
5.9600
5.8333
6.3600
5.6596
5.4400
6.3000
5.8980
5.5800
6.0200
7.5800
6.0400
6.7200
5.8200
6.2200
5.1200
6.7800
5.8000
6.0800
6.2200
4.0200
5.5400
6.5200
7.3000
5.3800
5.9792
4.8800
6.2800
5.4490
7.6600
6.4200
5.5625
6.4898
6.1429
6.8600
5.0800
4.1633
6.5800
5.8000
5.6200
5.9800
7.6200
3.3200
4.8600
4.4200
5.8600
6.4200
5.4600
6.5800
2.4400
6.0200
6.0400
4.6200
5.3600
6.2800
5.5000
5.6200
7.0200
6.2200
5.2400
5.5532
5.5652
3.2800
5.3400
5.1429
6.4800
5.2800
7.9600
7.1400
5.3200
4.7143
4.7000
6.5918
2.2200
5.1000
5.1400
5.9600
4.9600
4.9200
5.6875
6.0000
5.9800
6.0800
2.6600
5.4000
5.8400
5.0800
6.0000
6.6042
3.9800
4.7400
6.7200
5.8571
7.1800
4.7000
4.8000
5.2400
5.5800
5.6200
5.6600
4.8163
5.4400
6.5800
3.5306
6.2200
6.1042
6.4800
6.0800
6.0600
5.2600
6.2800
4.7000
7.4200
5.8400
5.7347
5.3400
4.3000
5.2000
5.2800
7.1800
5.5400
5.5000
5.3200
4.9000
5.4000
5.4600
6.8000
6.3400
7.4600
5.8600
5.9600
5.6400
5.5000
5.8600
2.7000
6.7400
2.0400
6.2200
2.7600
7.5600
5.2400
5.6400
6.8000
7.1000
6.1000
6.8800
5.9796
5.0200
5.4400
5.8400
6.0638
6.3200
5.0800
5.0600
5.7800
5.6000
6.5400
5.1000
5.1600
5.8800
5.3200
2.9000
5.8600
5.3200
4.9600
4.9200
6.9600
6.9800
5.5625
6.0200
5.7000
5.6800
5.9400
6.9800
5.3000
5.6200
2.8400
5.1600
4.7143
5.3800
5.7600
7.4000
6.7400
3.3600
6.6800
6.3800
6.1000
5.5200
5.1000
4.9600
5.9400
5.8000
5.7200
5.6000
6.7000
5.4800
1.8800
6.1600
7.0800
6.2200
5.6800
7.1400
6.5000
4.8400
6.1633
5.6400
6.3542
6.8600
5.7600
5.0816
5.9600
6.4400
5.5600
6.3200
5.7600
6.0400
2.2600
7.0600
6.3600
5.0417
5.6400
5.5800
5.2800
6.1800
4.3200
8.1600
6.1000
5.4375
7.2800
4.6400
7.9800
6.1400
1.9800
5.9000
4.0600
6.4400
7.6400
3.7000
5.8571
6.1400
5.7347
5.2400
5.0200
5.7400
5.8600
5.5600
7.3000
5.4800
6.0800
5.9400
5.5400
5.9388
5.1200
5.9800
4.2000
2.7600
7.1200
5.6531
4.8400
5.7800
6.3000
2.2400
6.0800
7.7600
7.0000
5.9800
5.8400
6.7551
6.5800
5.4000
6.6400
5.1400
5.5400
6.0400
6.4000
6.1600
6.3469
7.2800
6.9600
5.9200
7.6200
6.7600
5.4200
6.4800
5.8400
5.9600
5.7347
5.3600
6.4600
5.7959
6.2600
6.2200
2.0400
6.3400
5.2800
1.9800
6.3400
5.8571
4.3000
6.9800
5.8200
6.3600
5.4167
5.8200
3.0400
5.4000
5.3000
5.9400
3.5000
7.0800
1.9800
6.2200
5.8600
3.4400
6.0000
5.9400
2.5800
4.5400
5.5200
5.4200
5.6800
5.7200
4.5400
6.4800
5.7000
4.7600
5.3400
6.3000
5.7000
6.2600
6.9000
2.7000
5.2600
5.5000
4.1600
5.4000
2.6600
6.0816
6.0400
7.3400
5.2400
5.0000
4.6000
4.8800
6.4200
6.1000
4.9200
8.4400
4.7000
7.2200
4.3000
5.5000
6.1600
5.7800
6.1600
6.4400
5.2400
3.2400
6.3600
6.5400
5.3000
6.6600
6.4000
5.3200
5.3200
4.9200
4.3800
5.3800
6.5800
6.4200
1.9600
5.0400
3.4000
5.3600
2.7000
5.6600
7.1600
5.0000
5.4167
5.4490
5.7400
6.0800
5.2857
7.4200
3.8400
6.4200
5.3878
4.9400
5.7200
5.8400
4.0400
3.7400
4.8800
6.3200
4.9796
6.3200
6.5714
3.7917
5.9400
6.5306
5.9400
7.1800
6.2400
5.5200
5.6200
6.0204
5.7600
5.9796
5.7755
5.8600
3.9600
2.5400
3.0303
5.2600
6.3200
5.4800
5.1837
5.4800
3.8400
5.0200
6.0400
5.6800
5.5400
2.0600
5.7000
6.3800
7.2800
5.8600
5.4800
4.8000
6.6800
4.8800
6.0800
5.4800
4.8200
5.9400
5.8600
5.5102
3.5600
3.0800
3.6000
3.5306
4.5800
5.9200
7.2000
6.3400
6.2600
7.5000
7.2200
5.8936
4.7000
6.4600
5.7551
5.5600
6.4600
6.9600
6.3200
6.3200
5.1633
6.2600
5.7600
5.2600
5.8000
5.9200
5.6000
6.4000
5.4200
5.4000
5.3125
5.1000
7.0400
4.0204
6.1000
5.6200
5.8600
5.8000
5.8000
5.3000
5.6600
5.6000
5.6800
6.0200
5.8000
5.3061
6.4800
5.4600
6.8400
5.5800
4.4200
5.2600
5.5400
5.8571
7.2800
3.2200
7.6600
6.4000
5.4400
6.1250
4.7000
5.3800
2.0200
6.2400
5.7200
5.0000
5.3000
6.0600
5.2000
7.2800
7.3600
5.0800
6.1400
5.3000
4.4000
6.6000
5.1800
5.0400
5.3000
6.0600
6.7200
5.8400
7.3000
5.5200
6.1633
6.1200
6.2000
5.4600
5.9600
6.2000
6.3600
4.6200
6.7200
6.3200
5.4200
2.9400
4.7800
6.5600
5.7000
5.8400
5.9000
6.1837
5.3600
6.0000
5.0400
5.6800
6.1400
6.5200
6.0400
5.2200
7.4000
4.2800
2.0600
4.8367
4.1800
5.9800
6.1400
8.1000
5.5000
5.8000
5.6000
5.5800
5.7000
3.9600
6.7347
6.0600
5.2600
5.7959
5.4000
4.3400
6.5400
5.4000
6.9184
5.5400
4.9184
6.2653
5.6000
4.8600
4.9000
4.4600
5.6600
6.7959
6.3000
5.4000
5.4800
4.4800
5.1200
6.0204
4.2600
5.4400
5.7143
6.0400
2.0600
4.8980
6.1400
2.4400
5.5000
2.4600
7.1800
5.7292
2.8600
2.5600
5.5400
4.7600
7.7000
3.4600
5.7000
6.0600
6.3200
6.0800
5.8367
5.7600
6.1800
5.2400
6.3400
5.3400
5.2000
5.2000
1.5600
4.8600
5.7200
6.1800
6.4000
5.7600
5.6000
7.7200
5.7600
5.5400
3.3400
2.0000
4.5417
5.5000
5.4600
5.1800
4.1200
5.8958
5.5000
5.7200
4.7000
6.2600
6.1200
2.0000
6.2800
6.3600
5.8400
6.5400
5.4400
6.3000
4.8571
4.8800
6.6667
5.3404
5.7800
6.7400
5.7800
4.8200
3.9400
5.4400
7.3200
4.5800
5.4200
5.6600
6.5200
6.9000
5.7200
5.7083
5.2600
5.0100
6.3400
5.5200
5.4286
5.3000
7.1000
6.0600
5.6800
5.6600
5.3200
6.5400
6.3200
4.8400
5.1837
6.0200
6.4200
5.1875
6.1200
6.4400
6.2340
6.2200
5.6200
6.5200
5.8200
6.3265
6.9583
5.5319
5.1400
5.4400
6.3000
4.1702
6.3600
5.9400
5.8000
3.3600
7.3000
5.9000
6.2000
5.2400
5.6250
6.0000
6.8400
5.0800
6.1000
6.3600
6.6400
6.4600
5.6458
6.9800
5.0000
5.8600
5.9200
7.4800
5.0400
6.7800
5.6600
5.5200
5.9400
5.4400
6.4000
5.4400
6.3469
4.8400
5.3000
4.1250
7.7600
5.7000
4.7000
6.4000
5.7600
2.0600
3.4490
5.2600
4.7347
4.8800
6.6800
6.6800
3.5200
5.7959
5.8400
5.6000
6.9000
5.5600
5.5400
4.4286
3.8200
5.9400
4.1000
6.9600
1.8800
5.5455
2.2000
6.0200
5.5000
5.9800
5.0200
6.3800
6.6800
5.1000
2.9400
2.0200
3.2800
6.6400
3.1600
6.1000
2.7600
5.9000
5.6600
5.6000
5.5600
3.7292
4.9000
5.8400
2.3600
5.8600
6.1800
5.0200
7.4000
6.0200
4.8600
4.7400
4.4167
6.2600
6.2800
5.0000
7.0816
7.4200
7.4000
7.5000
6.7600
5.1200
5.6600
8.0200
5.8000
5.2400
5.0800
5.8400
6.5400
5.4400
6.6200
4.6800
5.3600
5.9200
6.1633
5.2766
5.7600
6.4800
6.8600
2.0800
6.7400
5.6875
3.3200
3.8800
5.6531
6.2000
5.8200
4.1400
5.8400
3.3800
4.7600
6.5800
5.9200
6.2200
4.4600
4.5400
5.5000
5.5600
5.1800
5.6400
2.6600
4.5000
6.9000
4.7000
5.9400
5.2600
5.5306
6.3000
6.2245
5.8367
5.5400
4.7400
5.3200
7.2041
5.8367
5.6600
5.7000
6.6600
5.4400
5.6000
5.7600
5.6735
5.4600
4.9400
5.2000
5.2083
4.5800
6.7400
5.3000
5.1200
3.1000
6.4600
5.0400
6.2449
5.1200
5.5600
5.7400
5.1400
4.6735
5.8400
7.3000
5.7551
4.4400
3.1400
2.5800
5.5600
5.0600
2.2200
5.7551
5.4000
5.4600
6.5800
7.1800
5.7959
5.6200
4.0400
5.9796
5.2000
7.4600
6.7200
5.9388
5.4000
3.5625
5.8600
6.0600
5.9400
5.8800
7.4000
7.0000
5.5000
5.9600
6.6800
4.0200
4.6200
5.8400
4.5625
5.7200
5.7200
5.1400
6.0200
5.8000
5.0600
5.2000
5.8000
5.8000
5.5625
8.1200
5.9800
5.5800
6.5625
4.7400
5.4600
6.4400
4.3000
5.6400
2.8200
6.8800
6.5400
6.6400
4.1000
4.4200
5.7200
2.8400
5.4600
7.4800
5.7500
5.2600
5.7551
4.0800
5.4800
4.1915
5.4600
5.0200
6.8000
5.6000
4.6200
5.4898
5.4200
2.7800
5.2400
5.5400
6.3400
5.9000
6.0000
4.6600
5.3600
6.0000
7.2600
6.9800
5.3600
1.8400
6.1600
5.8367
2.8800
3.1800
4.0400
5.5800
5.5400
5.6200
6.8000
6.3600
5.8000
5.8800
5.5833
6.7200
6.8400
6.0600
6.4400
5.5400
4.4800
7.6600
4.7600
7.6000
7.9600
5.4200
5.6600
5.0600
5.3400
5.3200
6.2200
5.1200
6.1200
5.6000
5.4400
7.4800
1.4800
5.9800
5.6400
5.8200
7.5600
5.4375
6.4400
5.1400
5.0800
6.1020
6.6000
5.8600
4.9600
5.7200
6.1000
4.2400
4.2400
2.4600
5.3600
5.2600
4.9000
5.4000
7.2000
5.4400
6.5600
5.4400
5.9400
6.4000
5.4200
5.5600
5.6000
2.4400
7.5000
5.4800
6.2800
5.3000
7.0204
5.3000
7.2600
5.5918
5.0200
2.3000
6.7200
4.6600
7.3800
3.5400
5.6800
3.5400
6.0600
5.5400
7.5800
6.0612
3.6000
5.6800
4.7000
5.9184
5.2200
5.5000
3.3200
3.4400
5.4400
5.0800
3.7200
5.1200
4.7800
2.0800
4.2600
4.6000
5.7600
7.2000
6.0000
5.7347
5.4200
5.5000
5.2200
5.5800
5.4400
6.5102
7.2000
6.3061
4.0816
4.8000
5.6000
3.1000
6.1600
5.3400
3.4400
5.7000
5.2600
6.1800
8.0200
5.5800
5.6400
5.2600
5.4400
6.2400
4.9400
6.0400
6.5000
5.6200
5.8400
5.6400
5.6667
6.6735
2.4000
5.4800
2.5400
5.2000
7.3000
5.4200
3.4200
5.8800
6.9000
5.7200
5.5800
5.2800
6.1600
6.0000
5.8400
5.6400
6.3878
6.9200
5.4800
5.1429
5.2200
5.5200
2.1000
5.0800
5.3200
5.9000
4.7200
6.2600
5.5510
5.5400
6.3800
2.8200
7.2200
2.9800
7.0000
4.5859
5.9200
5.2400
1.9000
5.4000
4.6800
6.5400
6.3200
4.9200
5.5800
6.6600
5.0833
6.9600
3.3400
5.6600
5.7800
6.7400
6.1800
6.1800
4.9200
6.5800
7.2857
6.0400
4.0000
6.4200
6.0600
5.5306
6.4200
2.3200
5.0000
5.2800
7.3600
7.6200
4.8800
3.2000
5.7600
5.2000
6.1429
5.1800
5.4200
2.4200
5.0400
6.4400
6.1800
5.1000
6.2000
5.4800
5.7200
5.2400
5.0400
6.0400
7.2200
7.5200
5.7959
5.3200
5.7800
6.3800
6.8367
5.6200
5.7879
5.6800
5.7200
2.5200
5.7400
5.1200
5.6800
7.1400
7.0800
4.5000
4.7021
6.3200
2.4600
6.8400
7.4400
5.6800
5.5200
5.3061
5.4800
5.6600
5.3600
5.7800
4.2600
5.4000
6.8200
3.6200
3.9800
2.5400
4.7000
6.5200
5.5200
7.1600
5.4400
6.4400
5.7000
5.7400
5.9000
5.8367
3.6600
4.4800
7.4600
6.1600
6.0000
4.9796
5.8400
5.6000
5.5800
2.8400
6.7200
6.1000
6.3000
2.1000
6.0000
6.6000
7.8000
5.8800
5.3600
5.3200
5.9600
6.3400
6.0200
6.3200
5.7292
4.4000
4.7000
4.7000
4.5400
2.6400
5.2800
5.3878
3.8000
5.6800
5.3400
5.8400
5.2653
5.5800
5.7800
4.9200
5.6000
4.8400
2.7800
6.1400
5.4600
3.1600
5.6327
5.1800
5.1200
3.9000
5.4600
5.6939
5.1400
5.9800
5.4800
5.2200
5.7551
4.2800
6.7083
6.8800
6.3400
6.6000
5.5600
5.5000
7.1200
4.4800
5.6327
4.8200
4.5800
6.0000
4.8600
6.1600
5.4000
3.6400
4.2000
4.4800
6.7083
3.9600
5.7600
5.7000
5.7708
3.5745
6.5400
5.9400
5.7800
5.1200
5.0800
5.4800
7.6600
5.2857
6.4000
7.2000
5.9200
6.5200
3.0000
7.3200
6.6800
6.1800
4.2000
3.8400
5.1400
6.9000
5.7600
5.4000
5.5200
6.5000
5.5306
4.3750
5.4000
5.7400
6.5957
6.0200
3.2000
5.4400
5.6400
2.5200
5.6800
7.3200
5.5714
5.5000
4.2200
6.3800
5.5400
4.1000
4.7000
2.9600
7.0000
5.2800
5.0000
4.9800
4.8000
5.6000
6.2000
7.5102
6.7800
6.1429
5.5600
5.6600
2.3200
6.7000
2.6200
4.9200
5.1458
4.7400
5.9200
3.5600
7.1800
7.1000
5.6200
6.0800
2.9388
3.0600
5.8200
5.7400
6.2600
5.8571
5.8000
7.1600
2.1800
5.4800
5.9000
6.8200
5.5400
4.6735
6.3000
3.8000
6.4200
6.1000
5.4468
5.9600
4.5400
5.7600
5.9000
5.7000
6.2500
6.9200
4.3600
5.6600
6.9800
5.2800
5.5102
5.8000
5.7800
5.6600
6.2000
5.4000
6.3125
4.5200
6.3600
6.2000
5.4167
8.0800
7.2400
5.3600
5.9600
5.9200
8.2600
5.6500
5.5200
6.2400
6.5600
6.0200
5.6000
6.1000
5.2000
5.6400
2.8200
4.8400
5.1200
6.5200
5.7600
5.8000
6.1800
4.3469
6.6000
6.0000
5.4082
5.3600
7.5306
4.7500
3.8163
5.1600
6.2000
5.5918
5.3600
5.1875
4.0800
6.4000
6.2400
4.3200
6.0816
6.0800
5.9000
2.3800
3.9000
5.7600
5.9787
5.3800
6.4800
5.7400
5.3200
6.6400
5.7000
6.0000
4.8200
6.3400
5.5200
5.8571
5.7600
4.7600
7.9400
5.1429
6.5600
5.7400
5.0000
5.6400
4.7447
3.6458
5.7200
5.4800
4.1000
6.1200
5.0000
6.6000
4.4400
5.1800
6.6735
3.7000
5.8000
5.7000
5.4600
4.8800
5.2000
5.3400
5.5600
6.0200
6.0200
6.3200
5.2200
5.0400
5.2800
6.3200
6.6200
5.3600
5.9000
4.7800
4.5600
5.1200
5.7143
5.6400
5.5400
5.4894
3.5400
5.9000
6.7400
6.4583
5.2449
5.1000
4.8163
6.6800
2.5306
6.3600
7.3600
5.7959
6.3061
5.4600
5.7551
4.7600
6.1633
4.5800
5.7200
6.3800
7.4800
4.9200
5.0816
4.7600
6.5800
5.2600
5.5200
5.1400
3.5400
6.0816
6.1800
6.3600
7.6800
3.4400
2.0800
4.6800
5.4286
7.8800
5.0600
6.1633
6.1000
5.7400
6.2400
6.1200
6.4000
5.2800
5.2600
5.3400
4.0200
5.0000
5.6400
6.9600
6.7347
4.1224
4.5400
5.5102
4.6000
5.8600
4.5000
5.2600
4.8600
5.5600
5.3000
6.7400
5.0816
3.3000
4.5400
5.6600
3.3400
6.0800
5.8400
5.1400
5.7800
6.2857
5.2800
5.8571
7.0000
4.8200
6.3000
4.2600
5.9400
4.7400
7.8000
6.3000
5.7800
5.4600
3.0000
5.5714
5.2600
6.0600
5.7400
5.1000
5.0417
4.6800
4.6200
7.3200
4.6400
6.3800
5.5600
6.7000
5.5600
6.6600
2.9800
5.7800
5.6000
5.0200
6.2200
5.4200
5.4400
5.3800
6.6400
5.2600
7.3542
6.9800
6.1200
6.2800
5.4800
5.1800
7.1800
6.7800
5.2800
5.6000
5.4200
6.2000
6.7400
3.4375
6.1800
6.6800
5.5306
5.4286
6.2600
5.6939
5.9583
5.7800
4.4490
5.7000
5.3400
3.4200
6.2857
5.8163
7.0204
5.7600
7.4600
6.0000
5.0800
3.3400
5.8800
5.6600
5.1000
5.1000
4.8200
6.6400
7.6200
4.4000
4.8000
3.8200
3.2200
6.3673
6.0200
7.5600
5.3673
6.5000
6.7400
6.0800
5.0816
5.5200
4.5400
4.6000
6.5000
5.9400
5.7600
7.1400
5.7400
5.9400
7.7200
5.1000
6.4200
4.8400
6.6000
5.8800
5.7800
5.3000
7.0208
6.1250
5.9400
5.9200
6.2400
6.9600
5.5400
5.3061
5.7400
6.0000
5.1000
6.3000
5.1020
5.9800
6.6400
7.4800
4.3200
6.0000
2.9200
6.0204
4.6200
3.9000
6.3600
5.4000
5.8800
5.7200
7.9600
5.6735
5.2200
4.1800
5.7600
5.7000
2.1200
6.0600
4.7600
5.9200
5.2400
6.8000
7.1800
4.2292
5.6400
6.5200
7.2400
3.6800
2.5400
5.5600
5.4082
5.6600
5.6800
6.5600
6.0400
4.3400
5.6000
5.6800
3.9800
6.0200
7.7800
5.6400
3.9800
5.8400
4.7200
5.1800
6.4490
5.6800
2.3200
6.1020
5.5306
5.6122
5.4400
4.8600
4.1000
5.7500
6.4898
5.6400
6.0800
3.9388
7.2400
5.8980
2.3800
5.9184
5.1800
4.1200
7.3400
4.7200
5.8600
5.9000
4.1277
6.0800
6.5400
5.0200
5.4000
5.6327
5.4600
5.3800
6.0000
6.1400
6.3800
3.5600
5.2000
4.4200
5.6531
5.3542
4.4400
6.1667
6.3600
5.4800
5.3400
6.3878
2.9800
6.2653
4.7400
5.7000
5.7959
6.4600
3.5833
5.7917
5.5600
6.4200
4.7600
6.4000
5.2200
5.3800
7.5600
2.1200
5.7200
4.9600
5.4800
5.5208
6.5400
6.6200
7.4400
6.3400
6.3200
5.1200
7.7755
5.3200
5.5000
5.6531
5.5800
7.3600
4.3800
6.1600
6.4898
5.6000
6.1400
2.9600
4.9400
5.7959
5.7400
3.4898
4.3200
3.4400
5.1458
5.9184
5.3200
3.6400
5.7400
4.9000
5.1429
5.8980
5.4400
5.6531
4.7600
5.5800
4.5200
5.5400
5.6600
6.5625
4.7143
6.7400
5.3800
4.8000
4.9400
5.8000
3.4600
5.7143
4.2800
5.0800
8.2200
5.4400
4.4600
7.0200
5.9800
5.8600
6.0800
5.9600
5.0800
2.8200
6.4800
6.3400
5.5400
5.3400
5.3000
6.2000
6.4800
5.6531
6.2600
5.1200
5.8000
6.2400
3.3200
5.2400
5.1000
6.5400
5.4286
5.6800
6.6042
5.6200
6.4000
5.8163
6.8800
5.1600
5.8163
5.1616
6.6000
6.5800
6.3400
3.4800
6.6800
5.7447
5.2400
6.9800
5.5600
5.1400
5.5400
5.9800
4.5000
6.2800
4.2800
5.3061
5.8400
6.0204
5.1400
5.4898
6.5200
5.8000
6.1042
5.7708
7.6200
6.1429
6.1200
5.7200
7.0000
3.7200
5.4200
5.5000
2.6800
6.5800
5.6400
6.4490
5.9400
6.2000
5.6000
4.7400
6.0600
4.0000
7.0800
5.6600
6.1633
7.1200
5.6600
4.6327
5.8400
4.0200
6.5400
4.8776
5.3000
5.5800
7.7600
1.8000
7.3000
6.7800
5.0000
5.0200
6.8000
5.6800
6.9600
3.1400
4.8000
5.2340
5.6400
4.1020
5.6531
5.6200
5.2600
5.7800
5.3200
4.7143
7.7400
6.7600
5.1400
5.9388
5.4949
4.6800
5.0200
5.4082
6.0200
1.7600
5.3000
3.4694
5.5510
5.6400
5.3400
5.4000
7.0600
6.0000
5.2449
6.6200
4.6061
5.4000
6.4200
5.9592
6.1000
6.1800
5.8800
7.9600
7.3400
5.5455
5.6400
5.6000
5.6596
5.8085
5.6800
5.5000
5.5102
4.6531
5.2400
6.3400
5.0800
5.5000
5.2917
5.0800
4.9592
5.3958
5.8800
5.4490
7.1200
5.9000
5.4400
4.7800
3.0204
4.5200
6.8776
4.0612
6.7400
4.3400
5.6200
5.1400
5.3800
6.6000
7.3061
4.8800
5.4000
5.2000
6.7000
5.9200
5.2857
5.5400
5.4200
5.7000
6.3800
5.0400
5.6000
5.0800
7.0800
5.0600
5.3000
5.5918
4.7959
5.4583
5.4000
5.2449
6.9600
7.3600
4.6200
3.6122
5.8400
6.0000
5.0400
4.8511
5.8200
5.4898
6.2400
5.9800
5.9600
5.9200
5.1600
3.7800
2.0600
5.8958
5.3400
4.9200
6.7600
3.3878
5.0200
5.8800
6.2000
6.1837
5.2653
5.8125
5.4400
3.1020
5.8000
5.6735
3.4898
5.3061
6.6400
5.5600
6.2449
3.6400
5.9800
7.0000
6.2400
6.2200
5.3400
6.2653
5.8800
4.7400
5.4800
4.9375
5.6735
4.6000
5.9600
5.4000
5.0600
5.5000
5.3800
2.2400
5.1000
5.9400
6.2600
7.1600
5.4600
6.4600
5.7000
6.3600
6.9000
4.6800
6.2200
6.1200
5.6000
5.5800
6.8800
2.5800
3.0600
4.8800
5.7200
5.2600
5.9800
7.2400
6.0612
4.6122
5.3400
5.1200
5.2083
3.9600
6.6122
4.4200
2.6200
5.6200
5.8511
4.9400
5.7000
5.3800
5.9600
6.5000
4.9800
5.7000
4.9800
4.9600
6.2400
2.9000
5.4694
6.8600
5.7400
3.8776
7.3800
5.5000
6.1429
6.7400
5.5000
5.4286
5.8571
5.2400
4.7400
5.1400
4.7200
5.6042
6.7000
5.0800
6.2400
5.5918
6.3000
6.3878
5.5600
5.4000
5.2000
5.3800
6.8200
6.6000
4.7800
6.1875
6.0200
7.1400
5.0600
5.6800
5.5918
5.9600
2.9800
4.0400
4.6600
5.2400
5.7600
5.2200
5.9592
7.4600
5.6600
6.7200
5.0000
6.8000
3.8400
5.1800
5.7959
6.0800
5.9600
6.1000
5.8400
6.0600
5.0600
2.4200
5.4082
5.6800
7.1200
5.2917
7.0800
5.3400
7.2600
6.3000
5.6200
6.2400
6.1667
7.5200
2.3400
5.4200
6.6600
5.7800
5.2800
4.8800
6.0000
5.7959
3.0400
4.4694
6.8125
2.5800
3.4600
6.1400
5.0000
7.3000
6.2400
7.4200
6.1400
5.5600
5.8800
7.2600
6.0400
6.1200
4.8085
5.3400
5.5200
5.4200
6.4000
5.1000
5.6800
6.0400
4.4400
5.5400
7.9600
5.4600
6.4000
3.5200
5.7600
5.3400
4.8600
5.1000
6.1000
7.4468
4.4694
5.5000
5.3200
5.5000
4.6200
6.8000
5.5000
5.5000
6.4000
6.1600
5.4400
5.0000
6.3918
5.6000
2.7000
5.8600
4.1600
5.2917
5.0800
4.5400
5.0851
5.1800
1.7000
3.4800
5.8400
6.6200
6.8776
6.2000
5.5800
6.2400
5.5800
6.4800
5.8400
6.7959
6.8200
5.2400
4.4200
5.0200
2.7551
5.4000
2.7400
5.9592
4.9184
6.2800
2.8400
6.0000
3.5800
5.2400
2.1800
6.8000
6.3878
5.6200
5.2200
6.2000
5.5510
4.2857
5.5800
5.2800
5.6400
5.8400
5.8000
4.9200
5.5200
5.7800
4.4600
6.9400
5.9184
6.4583
1.6400
6.6600
3.1429
5.4400
5.6250
6.4000
3.8600
3.3200
5.2653
2.3000
5.3200
2.8600
5.6400
5.4490
5.1800
5.1000
4.1837
5.3469
4.5800
5.3000
5.1000
5.9200
5.5152
7.3535
5.0200
2.6000
5.9800
3.5510
6.5510
5.3800
4.4200
7.2000
4.1020
5.3000
5.7200
5.8200
5.8750
2.8200
5.6000
5.4000
4.6800
6.3200
4.6800
5.1224
5.7400
7.0400
7.2000
5.4200
5.2600
5.5200
4.2857
5.9400
7.0400
2.8200
5.7980
6.6000
5.6327
6.8200
6.3125
5.2000
7.3200
5.3600
5.8800
6.4490
2.6400
3.1600
6.2400
7.2400
4.7800
3.5400
5.3400
4.4200
5.1600
4.3400
5.2200
5.8400
6.5200
2.3265
5.6800
5.4898
6.2600
6.5800
5.9800
4.0000
5.5200
6.1277
5.9800
5.2400
6.3000
5.6200
4.9184
4.0800
4.9200
5.7800
4.7980
6.9200
3.6939
5.4600
5.6400
5.6600
2.4200
4.8776
6.3200
5.2200
4.4600
5.1600
6.1224
6.3600
5.4082
6.0600
5.9200
4.3600
6.4200
5.1200
6.3000
5.6600
6.0200
3.3542
4.8571
5.4400
5.7800
5.8000
5.6000
3.0000
5.7551
6.4600
5.6383
5.7143
7.2857
6.2000
5.5600
4.9592
3.0000
5.2400
2.1400
5.4600
5.9800
4.4200
5.9200
5.6400
6.6809
2.0600
4.9800
7.0200
6.1800
7.2449
5.7200
5.3878
7.0200
6.0600
6.9200
6.2800
4.4800
6.4898
6.4800
5.3469
5.2600
6.3800
6.1400
6.5000
5.5200
7.5400
2.6800
5.8333
5.2400
3.3400
6.3600
6.0000
5.8571
5.7083
5.2041
6.2222
5.6200
5.5600
5.1633
2.8776
4.8400
4.9200
7.0800
3.5200
6.2400
4.6000
6.5400
6.1600
4.9600
5.7400
5.7800
4.0000
4.5800
5.6800
4.9388
5.6600
6.7800
7.2400
4.9184
2.9388
5.8776
5.2000
7.1600
6.5600
5.5600
6.6939
4.9400
4.6122
5.2600
6.0600
5.4400
5.5102
6.1000
4.5800
4.9600
5.8000
7.0200
3.4200
6.2000
5.9400
7.0800
6.2000
5.5800
5.3800
4.8400
6.4000
5.8400
6.0204
5.7000
6.0000
6.8600
4.3800
5.4894
5.2200
6.1000
6.5400
5.6000
1.3000
6.6939
4.5000
5.0600
6.2400
6.0000
2.8800
5.4400
5.4167
5.0000
5.0200
5.5957
5.3400
5.4400
7.9200
5.5800
6.9600
4.7200
5.5510
5.1600
6.2000
6.1200
6.9600
7.3000
6.0408
5.7200
6.7000
5.2600
5.4800
6.5400
6.1000
6.3200
5.5600
6.2000
5.5306
7.6200
5.2200
5.6122
5.9600
5.0400
6.5833
5.9600
7.0200
4.8367
5.1042
5.9200
5.7200
5.8800
5.7400
5.8776
5.0833
5.7000
5.3600
5.5600
6.3878
6.0417
7.8600
6.0208
5.8000
3.8200
5.1200
6.2200
7.5000
3.7143
4.8400
5.7800
5.8600
6.2083
5.7000
6.1000
5.5800
3.7755
4.8163
6.8600
5.1489
4.0800
4.5510
5.9200
5.9200
5.0600
2.8200
5.2600
5.9400
5.8571
5.4600
7.7400
3.0800
5.6400
5.9400
4.4400
5.2600
5.5800
4.3200
5.4583
5.4800
5.1800
6.1400
5.6200
5.8800
5.5000
2.1200
5.2200
6.6250
4.4600
3.8776
5.2000
4.8980
6.6000
5.6800
5.6600
3.1000
5.2000
3.8000
6.9400
4.5200
5.1800
2.1400
6.5000
6.6600
5.0612
5.8400
4.3600
5.6200
5.3400
5.5000
5.2800
5.4800
7.2200
5.6400
5.2653
5.5800
4.3125
5.9574
5.4000
6.8400
5.6735
5.5745
6.1020
3.9400
4.6800
5.0600
5.1020
5.2200
6.1800
4.8000
6.2708
5.8367
7.6800
5.4600
4.6000
4.4490
5.6800
5.2041
5.4694
5.0800
3.2083
5.6200
5.7000
5.0600
5.6875
6.2400
5.2449
6.4167
5.1600
5.0204
6.2449
5.7400
5.7200
6.4600
1.9796
7.0600
6.6000
5.2200
5.3400
6.4898
6.0400
7.2200
5.6600
3.2000
2.1600
5.4400
5.4082
5.7200
5.6800
6.8800
4.0816
4.7200
6.6600
7.4200
5.7400
6.3673
6.3600
5.5200
7.3400
6.4800
6.0204
3.2857
5.5400
4.6600
2.8600
5.6200
5.9000
6.6400
6.2600
3.2400
2.5918
5.5600
5.8200
5.8200
5.7400
6.1020
5.3878
4.8200
5.9388
5.4400
2.6800
6.4400
5.9200
5.8936
5.3333
6.0800
5.7000
5.9184
5.4200
6.2200
6.1400
5.4800
6.4200
3.6531
5.0600
5.5600
5.1224
5.9400
5.9400
6.6400
5.3200
6.3600
7.6600
6.6600
6.3265
5.0600
6.0600
5.5102
5.9800
4.5306
5.5957
5.0408
5.8980
5.1600
5.3000
5.3800
6.6000
6.3673
6.1800
3.2400
5.9000
5.9400
5.9800
3.4082
6.0000
5.5306
4.8200
5.9200
5.5600
5.7800
6.4000
5.5400
4.3200
5.2041
5.0000
5.9800
6.5051
6.7200
3.0816
6.5400
5.2083
6.0000
2.5200
5.7200
5.6600
6.1600
5.6800
6.3600
7.1000
5.9583
5.2600
5.7800
2.0213
4.5306
5.0000
3.2400
4.0800
5.6383
3.0800
